0.665057
0.990449
0.811224
0.215873
0.565651
0.397498
0.283082
0.322715
0.869092
0.189589
0.029176
0.457063
0.478582
0.477412
0.648722
0.656403
0.074553
0.485788
0.931259
0.943734
0.689489
0.141514
0.144241
0.913818
0.905253
0.614395
0.037015
0.210246
0.850504
0.449837
0.066985
0.810958
0.430899
0.224201
0.795143
0.039110
0.236986
0.965568
0.460559
0.168098
0.225089
0.564443
0.864443
0.777931
0.716085
0.978015
0.491134
0.098776
0.549734
0.579121
0.709430
0.147829
0.178219
0.804678
0.065552
0.131603
0.356600
0.229751
0.362509
0.598316
0.903471
0.618875
0.217256
0.105896
0.354488
0.159256
0.653083
0.082730
0.096366
0.257366
0.514546
0.624735
0.585978
0.206941
0.808790
0.881931
0.999049
0.794542
0.128270
0.669614
0.925394
0.124693
0.226839
0.991552
0.619282
0.877566
0.806179
0.156156
0.405514
0.239957
0.999871
0.369382
0.970507
0.401076
0.541918
0.883976
0.365587
0.158228
0.443979
0.592048
0.086808
0.133202
0.573846
0.960702
0.921871
0.651526
0.185829
0.836267
0.814809
0.919945
0.625783
0.251352
0.204824
0.635946
0.506311
0.395894
0.408365
0.104702
0.154463
0.470665
0.841158
0.534834
0.000404
0.038566
0.393350
0.931500
0.470901
0.318767
0.939809
0.820826
0.234360
0.860239
0.919813
0.177625
0.141634
0.734629
0.200022
0.534162
0.717598
0.361036
0.207432
0.982190
0.906667
0.659652
0.686906
0.135369
0.649017
0.138748
0.114724
0.076579
0.778523
0.541183
0.194223
0.062965
0.370816
0.660562
0.619367
0.292886
0.554131
0.096237
0.247350
0.820864
0.019817
0.915435
0.716850
0.568171
0.266475
0.434712
0.657601
0.170947
0.303501
0.844179
0.545381
0.804517
0.244662
0.323274
0.766488
0.732065
0.844790
0.601532
0.850611
0.891112
0.656368
0.005714
0.960201
0.216245
0.438363
0.028816
0.907992
0.236281
0.915163
0.393993
0.990526
0.892048
0.556564
0.355846
0.987205
0.727968
0.035310
0.187744
0.598218
0.555704
0.150882
0.188690
0.998639
0.055648
0.809422
0.995238
0.131472
0.339052
0.768115
0.227844
0.244301
0.976295
0.369932
0.512027
0.116527
0.894543
0.184055
0.373268
0.130064
0.528392
0.985140
0.561829
0.255358
0.118942
0.999278
0.412388
0.210114
0.446023
0.059755
0.558884
0.792822
0.431076
0.599110
0.945598
0.327118
0.853458
0.277298
0.097175
0.790180
0.874079
0.061424
0.655559
0.251454
0.304927
0.803453
0.398053
0.066433
0.096316
0.994911
0.834099
0.890452
0.465810
0.880463
0.994752
0.540920
0.329293
0.340044
0.455171
0.787193
0.702523
0.062839
0.940695
0.647664
0.598744
0.912882
0.378986
0.486389
0.013950
0.215996
0.647858
0.931744
0.115079
0.674880
0.285392
0.401306
0.822370
0.888682
0.130635
0.422594
0.305037
0.755176
0.240952
0.417292
0.162767
0.047936
0.993742
0.713012
0.922305
0.164006
0.769323
0.139724
0.988528
0.822915
0.559603
0.488957
0.541406
0.279249
0.463872
0.182222
0.992709
0.170310
0.028022
0.293845
0.971035
0.725059
0.932657
0.043117
0.976494
0.415432
0.504610
0.787141
0.220031
0.872893
0.092549
0.097536
0.978930
0.713742
0.027794
0.979913
0.244181
0.801311
0.730577
0.225594
0.394328
0.199827
0.293483
0.661549
0.906630
0.499637
0.654641
0.796659
0.283422
0.733872
0.238518
0.815549
0.852700
0.935861
0.115316
0.470625
0.119065
0.586213
0.229497
0.026959
0.268537
0.623123
0.744656
0.190850
0.839567
0.984817
0.127572
0.478352
0.455028
0.523228
0.885123
0.556883
0.832843
0.112196
0.778118
0.765898
0.005780
0.198029
0.685948
0.052585
0.572311
0.150057
0.625555
0.768819
0.293111
0.802145
0.943819
0.976893
0.451089
0.212798
0.057662
0.635025
0.811109
0.967167
0.774874
0.647842
0.118163
0.990295
0.219158
0.413091
0.832106
0.908693
0.232494
0.758380
0.528977
0.853135
0.975494
0.109783
0.455094
0.522056
0.550181
0.079934
0.866991
0.296773
0.872538
0.903087
0.126226
0.924909
0.587048
0.215727
0.018615
0.009846
0.297143
0.791491
0.406734
0.759056
0.375295
0.663401
0.596987
0.555806
0.418527
0.531155
0.403074
0.576936
0.831245
0.219371
0.677338
0.661295
0.174408
0.155286
0.138715
0.225082
0.106765
0.024496
0.314486
0.677798
0.084927
0.766959
0.310294
0.203677
0.327238
0.958656
0.427422
0.192694
0.084333
0.606873
0.091298
0.926785
0.557318
0.312423
0.354967
0.676038
0.414744
0.064165
0.190700
0.360202
0.114047
0.227585
0.465837
0.053332
0.567992
0.979504
0.131437
0.890120
0.405905
0.734315
0.763359
0.867174
0.918194
0.290762
0.821497
0.374234
0.109352
0.504954
0.759294
0.083975
0.504841
0.150269
0.023442
0.557048
0.528567
0.835434
0.643389
0.419974
0.317189
0.584412
0.508199
0.066553
0.089117
0.427706
0.961444
0.697988
0.132939
0.294618
0.722934
0.932506
0.304157
0.355966
0.601186
0.509486
0.153075
0.348762
0.298940
0.964646
0.435182
0.023354
0.809172
0.999609
0.760657
0.152229
0.564821
0.413056
0.841335
0.791879
0.316560
0.963309
0.783394
0.741706
0.793431
0.765185
0.983083
0.644094
0.425684
0.078833
0.982373
0.339521
0.974285
0.529099
0.811994
0.505340
0.624578
0.550288
0.490684
0.831079
0.139897
0.190053
0.316644
0.104181
0.203502
0.649007
0.832666
0.707867
0.549642
0.712647
0.429544
0.677128
0.178486
0.773561
0.785097
0.079652
0.202087
0.644546
0.984325
0.267033
0.610959
0.125195
0.505674
0.344518
0.822599
0.823733
0.591735
0.563898
0.946856
0.848041
0.164376
0.689239
0.708641
0.434083
0.079659
0.772826
0.260273
0.940541
0.455702
0.415456
0.936496
0.887625
0.271529
0.357138
0.220877
0.874620
0.812575
0.062996
0.323606
0.421259
0.634790
0.551635
0.646842
0.345551
0.964613
0.240148
0.642114
0.646911
0.441789
0.710022
0.579753
0.914583
0.696488
0.568177
0.177853
0.822565
0.063719
0.582447
0.273473
0.658736
0.568883
0.633129
0.185233
0.724194
0.530719
0.842191
0.000035
0.534275
0.980356
0.459441
0.302350
0.549209
0.376327
0.525919
0.528224
0.902653
0.894466
0.516156
0.251898
0.548581
0.260141
0.751349
0.340422
0.458840
0.142556
0.239904
0.698685
0.521109
0.927714
0.942954
0.738269
0.691539
0.099583
0.491328
0.206057
0.275500
0.286567
0.801135
0.165150
0.886233
0.850375
0.733321
0.430250
0.912339
0.500702
0.103058
0.936300
0.422994
0.472574
0.121005
0.039165
0.818682
0.560999
0.855921
0.202576
0.440326
0.563569
0.235887
0.751631
0.493964
0.027468
0.530655
0.226614
0.530510
0.605375
0.099864
0.975782
0.969457
0.877481
0.417627
0.538245
0.057306
0.161289
0.004464
0.211789
0.948974
0.097412
0.509454
0.129672
0.277229
0.622838
0.676604
0.557855
0.298648
0.520409
0.238728
0.653759
0.184341
0.493467
0.686806
0.018601
0.809275
0.336326
0.765022
0.598959
0.084867
0.519091
0.175315
0.005242
0.338571
0.655475
0.830179
0.822854
0.045368
0.720225
0.278659
0.590347
0.399820
0.247534
0.320294
0.951455
0.441654
0.683728
0.881279
0.515620
0.998609
0.604520
0.080523
0.078907
0.152626
0.940361
0.810882
0.735623
0.382776
0.956458
0.693264
0.904471
0.067786
0.394768
0.215078
0.165098
0.113155
0.308612
0.216592
0.905535
0.209679
0.076498
0.459893
0.700967
0.518419
0.487302
0.165933
0.302302
0.128417
0.118029
0.645981
0.426360
0.979557
0.229116
0.645181
0.807317
0.488014
0.868180
0.538589
0.844876
0.394731
0.209742
0.156477
0.052842
0.004891
0.641240
0.439377
0.589758
0.619455
0.421604
0.409320
0.204003
0.420035
0.707452
0.491030
0.162068
0.691760
0.659409
0.857354
0.646498
0.657253
0.493125
0.598410
0.952428
0.348963
0.336609
0.972021
0.832203
0.278950
0.324511
0.172463
0.084242
0.005152
0.929297
0.481658
0.857895
0.055047
0.421552
0.020799
0.931872
0.521526
0.217478
0.542245
0.224144
0.156069
0.728667
0.884762
0.264090
0.896985
0.599795
0.719821
0.879436
0.678578
0.012451
0.021986
0.015429
0.526591
0.830347
0.590278
0.531056
0.479412
0.173631
0.646735
0.632346
0.262921
0.506662
0.213100
0.547667
0.299055
0.050292
0.891969
0.315579
0.804306
0.872141
0.377102
0.908343
0.943463
0.850844
0.511674
0.440772
0.522968
0.396011
0.483311
0.321176
0.050395
0.016502
0.526270
0.059790
0.810660
0.719401
0.037962
0.185106
0.654041
0.535287
0.261321
0.379109
0.880895
0.914209
0.090633
0.574843
0.041851
0.488855
0.203402
0.006426
0.537143
0.784431
0.870237
0.814024
0.385797
0.771083
0.882233
0.686344
0.562294
0.163012
0.883021
0.515152
0.657542
0.191075
0.508849
0.053788
0.230915
0.647982
0.728527
0.509606
0.047490
0.525802
0.043418
0.917375
0.921898
0.459967
0.522728
0.791146
0.206858
0.976072
0.439344
0.332731
0.450260
0.875655
0.353578
0.752400
0.818120
0.519340
0.423393
0.210609
0.727240
0.075483
0.391295
0.168366
0.647125
0.258053
0.691303
0.593701
0.421961
0.952765
0.191680
0.684670
0.684539
0.457721
0.493651
0.940748
0.526801
0.334298
0.854286
0.567742
0.076772
0.473436
0.661119
0.776962
0.290055
0.013819
0.739476
0.287190
0.205425
0.135067
0.528086
0.081389
0.750246
0.289314
0.906976
0.327425
0.021193
0.156026
0.048599
0.788796
0.553291
0.064484
0.978685
0.741976
0.919419
0.216239
0.115535
0.925505
0.023317
0.092609
0.276077
0.460442
0.308303
0.948255
0.355305
0.398547
0.783846
0.115951
0.058860
0.774795
0.886273
0.470538
0.336630
0.193360
0.315464
0.877692
0.787036
0.092134
0.738577
0.703427
0.799483
0.672418
0.883646
0.775794
0.678824
0.354405
0.146266
0.658851
0.801481
0.950453
0.908156
0.668749
0.280630
0.687532
0.479643
0.776285
0.491181
0.942264
0.284771
0.260010
0.148144
0.867127
0.790726
0.572174
0.149050
0.351312
0.206076
0.964896
0.723418
0.256094
0.592892
0.783012
0.120220
0.986348
0.775686
0.760536
0.229045
0.320344
0.327405
0.618797
0.437305
0.786490
0.276297
0.037774
0.648264
0.910299
0.361254
0.624239
0.024186
0.297866
0.621809
0.492880
0.254277
0.991302
0.446365
0.089795
0.396281
0.016972
0.014580
0.860294
0.728108
0.827987
0.868912
0.266214
0.415789
0.799157
0.209285
0.547279
0.578584
0.323317
0.671701
0.657357
0.889392
0.884877
0.908009
0.205419
0.038549
0.200548
0.851567
0.501427
0.818643
0.303090
0.426126
0.391515
0.410445
0.160050
0.090192
0.576362
0.440510
0.634994
0.059244
0.959882
0.473311
0.026548
0.724960
0.714186
0.771178
0.559253
0.654929
0.850304
0.371401
0.074487
0.159482
0.332894
0.920263
0.746640
0.615310
0.138518
0.990025
0.681235
0.720284
0.917666
0.343658
0.427379
0.443208
0.310571
0.623909
0.999608
0.507756
0.659106
0.371185
0.398074
0.579058
0.589494
0.658717
0.891740
0.558042
0.315613
0.141833
0.736552
0.209814
0.527673
0.425242
0.591305
0.017226
0.640897
0.007263
0.625526
0.989432
0.173879
0.669220
0.046091
0.547745
0.015928
0.634496
0.986011
0.760916
0.303713
0.065949
0.516479
0.500354
0.438276
0.189593
0.279918
0.002469
0.356821
0.034695
0.082500
0.877732
0.864326
0.136961
0.738172
0.865383
0.788312
0.082613
0.395341
0.435712
0.025503
0.461018
0.253909
0.706011
0.540672
0.479366
0.690744
0.142682
0.241725
0.240319
0.732741
0.090134
0.434560
0.596066
0.177262
0.978582
0.840895
0.837419
0.396254
0.323350
0.080089
0.834310
0.999006
0.403194
0.073498
0.256235
0.548286
0.770269
0.604957
0.496752
0.056042
0.308459
0.631383
0.510144
0.845986
0.340649
0.017437
0.532440
0.185392
0.388735
0.373347
0.298305
0.357407
0.345109
0.699234
0.914753
0.722098
0.653474
0.989371
0.460391
0.593454
0.089267
0.882786
0.610360
0.310212
0.913108
0.667880
0.054720
0.682988
0.480121
0.292435
0.138979
0.836333
0.209584
0.448881
0.049312
0.166843
0.191353
0.312320
0.846436
0.697025
0.502306
0.854256
0.062713
0.191298
0.371458
0.570859
0.137893
0.887595
0.123391
0.620504
0.441290
0.060668
0.506988
0.687926
0.165166
0.497976
0.075308
0.442162
0.677424
0.402192
0.813098
0.657174
0.408080
0.652709
0.146012
0.895912
0.261964
0.613105
0.325390
0.790927
0.241731
0.982361
0.290670
0.780895
0.040074
0.984894
0.880547
0.330921
0.169206
0.146414
0.038042
0.654533
0.906493
0.313177
0.684380
0.570551
0.161329
0.566600
0.463452
0.641795
0.646856
0.571428
0.420301
0.365741
0.279796
0.585146
0.034846
0.896346
0.305073
0.299274
0.748571
0.017514
0.175876
0.746495
0.119328
0.263910
0.184117
0.781805
0.439887
0.475016
0.234171
0.080273
0.126297
0.986520
0.797673
0.853964
0.221615
0.583364
0.431799
0.081339
0.768198
0.508005
0.769157
0.710331
0.499812
0.635073
0.756278
0.948034
0.072948
0.775967
0.905240
0.853507
0.568319
0.679446
0.096367
0.703786
0.218618
0.457601
0.902929
0.752180
0.640391
0.133941
0.024619
0.210116
0.083017
0.116923
0.389937
0.523638
0.812025
0.952982
0.881020
0.623792
0.692230
0.529448
0.913637
0.670383
0.081451
0.615674
0.635947
0.173437
0.846774
0.393085
0.021224
0.811843
0.816104
0.142586
0.364485
0.369958
0.016974
0.157111
0.206239
0.748534
0.009139
0.037945
0.134549
0.234421
0.161932
0.966387
0.194181
0.786264
0.469558
0.849719
0.293212
0.536500
0.681180
0.352072
0.322554
0.261000
0.030787
0.439841
0.495209
0.915926
0.250630
0.419352
0.473984
0.572635
0.227249
0.901292
0.740412
0.695471
0.705103
0.734476
0.758611
0.919522
0.306240
0.343545
0.477446
0.569568
0.610347
0.966357
0.782832
0.401080
0.226102
0.030463
0.756539
0.859494
0.087705
0.267599
0.112862
0.232782
0.270663
0.986299
0.857866
0.232177
0.638731
0.336152
0.842114
0.381917
0.446901
0.590746
0.267594
0.973099
0.770731
0.003705
0.173755
0.322408
0.299434
0.158929
0.967171
0.885399
0.868972
0.136105
0.315879
0.687957
0.951531
0.699504
0.262577
0.774311
0.466151
0.736663
0.572408
0.102086
0.258341
0.365425
0.951488
0.046256
0.580918
0.542137
0.544703
0.197744
0.700727
0.675264
0.430655
0.163555
0.858785
0.197015
0.872304
0.401669
0.437549
0.683810
0.678217
0.171496
0.008510
0.710239
0.262366
0.893173
0.718548
0.375681
0.269491
0.669034
0.627786
0.704390
0.290374
0.288045
0.972265
0.616885
0.987527
0.730115
0.123725
0.109769
0.689016
0.274339
0.178045
0.801304
0.671889
0.174065
0.844910
0.370193
0.526150
0.426828
0.288002
0.833105
0.849243
0.603102
0.640209
0.883743
0.777102
0.505163
0.509764
0.878185
0.196507
0.585257
0.454824
0.086927
0.330902
0.701138
0.843583
0.321888
0.246142
0.169298
0.254620
0.232330
0.903513
0.956723
0.717138
0.885551
0.022813
0.820444
0.949705
0.713476
0.253562
0.949672
0.274928
0.852385
0.451926
0.595919
0.469397
0.084886
0.369219
0.956863
0.902725
0.142983
0.977810
0.863823
0.913517
0.016195
0.525921
0.510430
0.537006
0.351022
0.085279
0.321321
0.411828
0.480459
0.901086
0.557319
0.746747
0.746724
0.352697
0.634331
0.812316
0.502393
0.347000
0.569925
0.661870
0.310831
0.803740
0.490442
0.427745
0.233900
0.252849
0.246021
0.708685
0.039900
0.969072
0.760421
0.501236
0.413271
0.929111
0.839893
0.781733
0.663082
0.160368
0.754421
0.391527
0.606489
0.682660
0.554867
0.961396
0.618682
0.245996
0.896187
0.358740
0.094414
0.057831
0.196867
0.787081
0.369808
0.393993
0.085067
0.448506
0.201256
0.076438
0.023217
0.638577
0.399546
0.381818
0.074712
0.590609
0.113806
0.677667
0.332149
0.173478
0.579940
0.125924
0.240486
0.187567
0.902676
0.199773
0.416299
0.505747
0.495760
0.761377
0.649946
0.545584
0.931180
0.318413
0.745716
0.576290
0.320628
0.190224
0.902203
0.190182
0.456550
0.276500
0.790301
0.949528
0.147984
0.946868
0.390686
0.245099
0.340157
0.142479
0.055380
0.544075
0.089026
0.209157
0.024628
0.251969
0.165955
0.518942
0.090276
0.974354
0.243708
0.326688
0.405592
0.035091
0.408507
0.679941
0.155298
0.874764
0.973700
0.363774
0.124869
0.132289
0.792941
0.407027
0.761790
0.948579
0.497023
0.345757
0.960487
0.487651
0.878561
0.551315
0.726995
0.073345
0.485454
0.680122
0.172374
0.155773
0.023523
0.406364
0.479689
0.202497
0.909407
0.378456
0.882000
0.794438
0.541893
0.739668
0.143559
0.960518
0.252902
0.846651
0.114321
0.552513
0.303142
0.305450
0.260268
0.517529
0.634523
0.275464
0.677245
0.811655
0.625025
0.731878
0.897883
0.963213
0.756614
0.605029
0.932620
0.830463
0.753450
0.886765
0.254978
0.511951
0.997048
0.650947
0.438435
0.712584
0.576563
0.836869
0.867568
0.054804
0.619857
0.050591
0.364981
0.219355
0.587947
0.307912
0.092340
0.941487
0.509266
0.046828
0.191181
0.722367
0.896139
0.291088
0.494743
0.176499
0.980662
0.749120
0.507598
0.083732
0.393609
0.794122
0.644490
0.665459
0.730042
0.419573
0.410262
0.650408
0.947932
0.160433
0.172367
0.381158
0.265647
0.358358
0.465269
0.769848
0.067490
0.377999
0.345207
0.299610
0.754818
0.066577
0.188301
0.774448
0.598848
0.155583
0.003224
0.511593
0.021992
0.771991
0.814897
0.465325
0.521694
0.011018
0.144996
0.048964
0.192615
0.009634
0.396636
0.673538
0.661953
0.231051
0.562065
0.608679
0.020851
0.202619
0.655320
0.569680
0.323601
0.115848
0.888895
0.817212
0.628134
0.516072
0.956553
0.060852
0.818104
0.307018
0.263328
0.523777
0.634441
0.702535
0.031004
0.505461
0.154335
0.700495
0.424483
0.041126
0.985916
0.848263
0.562028
0.872264
0.942676
0.339922
0.597578
0.816231
0.010136
0.340822
0.413810
0.521891
0.446142
0.749336
0.349568
0.226144
0.272480
0.368696
0.295238
0.660945
0.842710
0.722010
0.889900
0.577027
0.283133
0.290172
0.373414
0.910865
0.052322
0.393609
0.932856
0.616719
0.202497
0.923424
0.449203
0.201564
0.022853
0.035458
0.948241
0.672027
0.067283
0.461899
0.282059
0.279602
0.708524
0.363376
0.993776
0.121544
0.278715
0.363472
0.358972
0.345810
0.435299
0.065301
0.071423
0.100488
0.312392
0.558727
0.902881
0.292296
0.407090
0.677790
0.786209
0.194695
0.436312
0.868331
0.615226
0.426273
0.027808
0.030419
0.481431
0.131757
0.127999
0.101319
0.707780
0.391589
0.115138
0.182484
0.804499
0.552766
0.968803
0.219282
0.227338
0.201375
0.241641
0.334791
0.535983
0.827124
0.741941
0.082909
0.739791
0.334100
0.504826
0.198262
0.982524
0.690413
0.846606
0.485660
0.832738
0.348762
0.713263
0.152411
0.610075
0.506086
0.315656
0.656816
0.021252
0.413284
0.229652
0.959183
0.503969
0.348867
0.522659
0.912902
0.887086
0.628837
0.722446
0.836348
0.794189
0.644413
0.405104
0.490900
0.052755
0.670169
0.561612
0.499806
0.713910
0.870491
0.852214
0.956535
0.711268
0.429736
0.172435
0.282496
0.400603
0.290633
0.032265
0.891849
0.243153
0.747852
0.709896
0.909885
0.534011
0.504574
0.892351
0.034774
0.694612
0.641111
0.025610
0.792115
0.653557
0.135299
0.757761
0.984660
0.012302
0.905239
0.067221
0.451270
0.762800
0.585785
0.091715
0.921428
0.575920
0.151280
0.376478
0.947365
0.649819
0.563640
0.523660
0.995172
0.283786
0.628520
0.940416
0.504665
0.757528
0.418124
0.823393
0.813031
0.207684
0.708725
0.563550
0.693132
0.858913
0.434187
0.338592
0.951992
0.349441
0.502866
0.487021
0.254042
0.277200
0.156659
0.872499
0.294840
0.307943
0.758493
0.986527
0.940461
0.990819
0.635192
0.471601
0.662869
0.940643
0.325597
0.122188
0.157684
0.985311
0.541730
0.734688
0.491391
0.591037
0.015953
0.950779
0.318798
0.570688
0.528973
0.909204
0.646643
0.171306
0.417329
0.061182
0.858875
0.427911
0.809619
0.251672
0.253979
0.103932
0.367369
0.340006
0.076879
0.541964
0.882967
0.469292
0.509012
0.213171
0.747419
0.920786
0.927596
0.124105
0.694127
0.666210
0.889278
0.638398
0.021127
0.692300
0.265971
0.185821
0.268067
0.481984
0.160690
0.752224
0.675670
0.205978
0.017764
0.037109
0.833984
0.672926
0.722982
0.207806
0.617260
0.726880
0.306929
0.913492
0.192136
0.691501
0.431851
0.264502
0.270683
0.390119
0.626500
0.557967
0.870164
0.997730
0.973877
0.320584
0.331463
0.996674
0.239377
0.292154
0.510939
0.229782
0.287176
0.406145
0.262031
0.246549
0.144310
0.642901
0.782641
0.359541
0.636937
0.980918
0.761284
0.578827
0.176543
0.561722
0.382960
0.408400
0.295548
0.956942
0.525031
0.648946
0.861245
0.891970
0.152794
0.248775
0.071394
0.580604
0.606180
0.073234
0.444312
0.240850
0.242377
0.918930
0.471981
0.536475
0.675859
0.655108
0.045123
0.960745
0.250600
0.871729
0.146825
0.453316
0.756892
0.739630
0.837397
0.559526
0.555096
0.636598
0.135643
0.271732
0.031533
0.481262
0.106488
0.894204
0.274918
0.919486
0.852128
0.357283
0.829494
0.573340
0.079538
0.602875
0.479868
0.946709
0.283625
0.508714
0.087266
0.031973
0.475015
0.151423
0.739980
0.475838
0.713999
0.039550
0.924941
0.473825
0.376600
0.923076
0.867098
0.695320
0.473004
0.292232
0.051645
0.321114
0.748636
0.600366
0.996560
0.720143
0.092848
0.353446
0.338688
0.143010
0.630928
0.737696
0.756052
0.115828
0.023301
0.844745
0.390402
0.112803
0.357375
0.619324
0.299237
0.919909
0.140091
0.992276
0.783896
0.966310
0.261942
0.551667
0.300494
0.831729
0.252703
0.775997
0.099573
0.447609
0.577863
0.042338
0.315198
0.747275
0.668557
0.419498
0.127352
0.761199
0.173501
0.822575
0.852460
0.367696
0.036220
0.028493
0.859868
0.687510
0.081203
0.870646
0.474259
0.420745
0.491573
0.063407
0.597046
0.981553
0.556809
0.216622
0.711596
0.048498
0.851888
0.422996
0.296140
0.789105
0.494470
0.677066
0.013129
0.760965
0.778274
0.587680
0.996810
0.472729
0.028640
0.542389
0.046423
0.554905
0.399892
0.146620
0.451689
0.700916
0.887465
0.553370
0.974536
0.737701
0.876969
0.550316
0.805839
0.354190
0.258248
0.192296
0.802198
0.617781
0.939564
0.748915
0.896209
0.922228
0.724472
0.390785
0.106546
0.051866
0.936733
0.724813
0.097531
0.543121
0.358056
0.141883
0.748837
0.039946
0.546545
0.652811
0.946261
0.561013
0.159254
0.765160
0.538015
0.003728
0.585938
0.960872
0.878809
0.173852
0.818743
0.924116
0.611582
0.719302
0.528196
0.778903
0.219339
0.593699
0.995666
0.619653
0.679352
0.736106
0.769058
0.134296
0.020597
0.528757
0.501640
0.554826
0.059560
0.935786
0.383526
0.311069
0.856189
0.371689
0.214237
0.315079
0.360314
0.474503
0.134279
0.494960
0.552407
0.692406
0.956045
0.707359
0.892813
0.645280
0.060874
0.830086
0.351936
0.775035
0.881353
0.308553
0.221376
0.752438
0.381294
0.982664
0.196576
0.534886
0.500361
0.159295
0.667105
0.561843
0.915342
0.923035
0.869345
0.965587
0.116216
0.050436
0.952250
0.511176
0.160376
0.568240
0.355852
0.540992
0.150761
0.941924
0.023706
0.473631
0.999886
0.150792
0.358552
0.027963
0.271217
0.328033
0.732651
0.333734
0.351309
0.013526
0.270943
0.440675
0.525555
0.687278
0.650876
0.505857
0.197084
0.233470
0.720391
0.750111
0.635503
0.085260
0.057814
0.809161
0.905444
0.985833
0.235514
0.312820
0.749598
0.022063
0.796683
0.121851
0.638962
0.296164
0.684145
0.141160
0.696381
0.171358
0.409497
0.889592
0.581722
0.704126
0.332327
0.028402
0.526846
0.114544
0.917062
0.359336
0.530690
0.510800
0.381333
0.988742
0.437401
0.836005
0.709647
0.970976
0.619182
0.172655
0.072272
0.203270
0.209097
0.707062
0.765622
0.620958
0.463040
0.813366
0.765865
0.135836
0.815666
0.972954
0.808782
0.717712
0.310591
0.866383
0.466222
0.932038
0.336843
0.555527
0.704141
0.392046
0.991766
0.159730
0.691143
0.732018
0.112963
0.304554
0.505719
0.585476
0.807549
0.763825
0.289420
0.397863
0.584648
0.640126
0.316023
0.691884
0.184856
0.402988
0.047167
0.794515
0.644261
0.326110
0.191601
0.646618
0.297351
0.187676
0.271421
0.379121
0.024547
0.922483
0.127974
0.258094
0.390234
0.611841
0.422710
0.187770
0.640737
0.677566
0.329875
0.463381
0.605738
0.926025
0.295028
0.408425
0.504793
0.664587
0.989869
0.438559
0.182080
0.959864
0.950992
0.883227
0.501009
0.498159
0.249734
0.337018
0.770708
0.658449
0.134850
0.284561
0.263014
0.265763
0.074265
0.273899
0.741105
0.589237
0.086328
0.370927
0.216856
0.970797
0.677447
0.834053
0.884079
0.889661
0.331914
0.523662
0.981516
0.715699
0.136096
0.862952
0.640251
0.904467
0.282677
0.650996
0.911701
0.349974
0.743416
0.315320
0.850160
0.049548
0.328325
0.354850
0.679302
0.820928
0.077110
0.834529
0.243763
0.584218
0.647499
0.027138
0.852972
0.465296
0.688257
0.120042
0.005620
0.162755
0.884613
0.571722
0.132907
0.739150
0.443418
0.714622
0.202054
0.089490
0.750216
0.214470
0.636235
0.409474
0.137922
0.254348
0.119005
0.205023
0.197527
0.106602
0.927547
0.329305
0.776643
0.838466
0.304082
0.634216
0.517332
0.193615
0.189766
0.974604
0.982143
0.666253
0.596399
0.460867
0.436213
0.441624
0.301930
0.160063
0.668436
0.278663
0.765583
0.842288
0.120849
0.631141
0.681060
0.499818
0.887865
0.390862
0.550615
0.685975
0.356167
0.906204
0.013515
0.766502
0.221775
0.956685
0.891720
0.546961
0.487353
0.844082
0.148608
0.903608
0.773909
0.756731
0.850335
0.681688
0.016076
0.995724
0.912776
0.298215
0.797765
0.530001
0.361837
0.359775
0.819144
0.108497
0.217698
0.237414
0.555840
0.509973
0.447747
0.781030
0.073371
0.319193
0.807134
0.530726
0.580023
0.406312
0.101168
0.255367
0.884685
0.869113
0.035147
0.495017
0.653599
0.125203
0.230722
0.889722
0.866531
0.153302
0.334237
0.381288
0.505501
0.970983
0.825912
0.159512
0.114884
0.693941
0.301711
0.182316
0.795081
0.841534
0.120512
0.533707
0.424355
0.802816
0.281038
0.147223
0.764395
0.006043
0.051446
0.312528
0.680395
0.810722
0.261800
0.849453
0.774123
0.686873
0.087379
0.397316
0.054315
0.622758
0.993328
0.811872
0.592970
0.755710
0.150532
0.689136
0.310030
0.642344
0.152080
0.814214
0.032413
0.618573
0.508054
0.269570
0.961321
0.324547
0.878576
0.700003
0.656968
0.805551
0.264944
0.799837
0.730344
0.061495
0.967381
0.578756
0.294869
0.581224
0.933550
0.285090
0.574389
0.653557
0.905151
0.430680
0.040496
0.701231
0.283522
0.058252
0.696278
0.705568
0.481446
0.406228
0.055163
0.731913
0.473951
0.613030
0.380457
0.287772
0.569874
0.983064
0.966748
0.687201
0.525255
0.949221
0.531445
0.527317
0.007804
0.948507
0.449402
0.232144
0.325809
0.038154
0.624286
0.658477
0.907745
0.713792
0.477200
0.913619
0.532605
0.591013
0.370604
0.405073
0.926378
0.739980
0.121971
0.069544
0.295637
0.199879
0.786185
0.856538
0.061098
0.820054
0.592176
0.202440
0.349682
0.422818
0.530392
0.892618
0.688016
0.691519
0.063015
0.131946
0.567862
0.497276
0.427349
0.591576
0.648693
0.505035
0.995998
0.478254
0.175334
0.222762
0.715869
0.149488
0.366925
0.788917
0.038728
0.005596
0.730897
0.987199
0.928823
0.590478
0.178411
0.668141
0.510950
0.269954
0.447776
0.878934
0.322323
0.993210
0.842201
0.735754
0.350666
0.142662
0.310710
0.457986
0.019484
0.349131
0.675024
0.727226
0.824717
0.628029
0.463333
0.042393
0.182753
0.563849
0.366051
0.251265
0.134697
0.179817
0.783303
0.176489
0.379890
0.341053
0.171678
0.694094
0.584885
0.525660
0.972913
0.415363
0.101149
0.796955
0.972579
0.995644
0.811104
0.714095
0.318335
0.258644
0.159854
0.972875
0.713053
0.716042
0.452405
0.993062
0.368154
0.874731
0.740217
0.588429
0.135934
0.383089
0.050167
0.227852
0.514140
0.575204
0.587567
0.635330
0.095519
0.340339
0.019312
0.361920
0.835951
0.929904
0.576009
0.686124
0.097490
0.827986
0.529738
0.623529
0.127396
0.450049
0.720495
0.909417
0.404112
0.049633
0.140145
0.827857
0.410197
0.177178
0.270676
0.456984
0.498940
0.047868
0.908387
0.181774
0.081154
0.656042
0.623684
0.039688
0.734600
0.944519
0.804897
0.564133
0.798484
0.764121
0.372817
0.880964
0.672317
0.089209
0.684102
0.859489
0.062377
0.431874
0.923663
0.523130
0.191741
0.499734
0.316950
0.342113
0.347763
0.799256
0.178458
0.896592
0.421282
0.054306
0.996985
0.280219
0.423007
0.459934
0.599989
0.917535
0.035822
0.099130
0.526955
0.116652
0.887423
0.322034
0.190391
0.662012
0.426234
0.605181
0.203739
0.280296
0.350066
0.311862
0.530043
0.315588
0.040133
0.855411
0.636339
0.043355
0.762658
0.672261
0.174443
0.442868
0.444700
0.943963
0.938644
0.251289
0.852224
0.756973
0.029585
0.054181
0.373315
0.349940
0.809798
0.345943
0.145546
0.334865
0.348919
0.113129
0.799275
0.192327
0.417251
0.167622
0.227486
0.930355
0.738589
0.140618
0.304711
0.634631
0.655603
0.021414
0.220068
0.865316
0.605435
0.016443
0.895651
0.259399
0.224591
0.136915
0.825385
0.455122
0.702402
0.407117
0.021516
0.995145
0.149392
0.718869
0.310470
0.358570
0.018251
0.124224
0.261607
0.106634
0.749283
0.483811
0.581379
0.128282
0.256624
0.145282
0.056134
0.810876
0.900230
0.317984
0.743517
0.228580
0.897477
0.510557
0.825235
0.728192
0.846169
0.176761
0.120157
0.957173
0.917758
0.847814
0.865847
0.621995
0.979510
0.813415
0.593184
0.774065
0.840868
0.696918
0.097354
0.515101
0.464559
0.229139
0.881018
0.908937
0.334020
0.805928
0.938596
0.649118
0.320587
0.986750
0.128298
0.997974
0.232908
0.565528
0.575172
0.001480
0.980663
0.782906
0.498096
0.055281
0.693751
0.315397
0.071276
0.181963
0.290959
0.101770
0.826580
0.773128
0.712420
0.486407
0.407248
0.764575
0.772193
0.262552
0.172660
0.217531
0.715981
0.815046
0.003735
0.781176
0.903509
0.039369
0.627900
0.625542
0.471747
0.051209
0.723520
0.468454
0.850472
0.976568
0.180162
0.868470
0.197253
0.128143
0.737709
0.773286
0.832573
0.495873
0.369012
0.042349
0.054567
0.075576
0.178712
0.962577
0.663337
0.446073
0.084267
0.715093
0.052456
0.133615
0.711607
0.753327
0.161457
0.250419
0.356186
0.864744
0.976139
0.596308
0.383028
0.599527
0.525221
0.905522
0.016423
0.986089
0.231779
0.720083
0.451983
0.758109
0.074902
0.505269
0.626451
0.576303
0.270248
0.165521
0.967546
0.077319
0.909451
0.366455
0.863835
0.114842
0.326976
0.887275
0.116613
0.090042
0.048148
0.036464
0.309208
0.412379
0.134426
0.916380
0.536106
0.321270
0.051711
0.576784
0.048260
0.652489
0.114085
0.263200
0.321524
0.159240
0.211959
0.675041
0.699160
0.824205
0.511560
0.071808
0.943659
0.748118
0.625434
0.515745
0.821100
0.276009
0.611140
0.340051
0.746576
0.107357
0.667640
0.239789
0.999063
0.614158
0.414756
0.671967
0.757313
0.843177
0.178305
0.002187
0.567556
0.740862
0.368997
0.530316
0.007957
0.177163
0.828075
0.315272
0.972030
0.862642
0.208943
0.697403
0.507463
0.359054
0.143886
0.982175
0.978028
0.640500
0.531990
0.361258
0.894296
0.422436
0.110601
0.681508
0.049494
0.299821
0.072802
0.411626
0.490060
0.143012
0.868721
0.726772
0.210961
0.274304
0.625311
0.022453
0.452874
0.006126
0.373526
0.491893
0.553676
0.619039
0.334774
0.501878
0.975168
0.340047
0.701078
0.623677
0.898300
0.434747
0.796059
0.422681
0.982505
0.767089
0.214348
0.645379
0.575603
0.052563
0.658591
0.591658
0.913640
0.484103
0.390275
0.432236
0.968795
0.915967
0.906642
0.075648
0.489214
0.234460
0.169756
0.496237
0.244466
0.766646
0.487763
0.157261
0.853232
0.690202
0.875853
0.671381
0.644046
0.841993
0.168297
0.018901
0.079714
0.992173
0.930080
0.386913
0.465662
0.859640
0.786571
0.469153
0.628883
0.503140
0.153710
0.338509
0.690065
0.172725
0.266695
0.739913
0.159915
0.223036
0.948990
0.853420
0.076517
0.363342
0.270639
0.987548
0.148660
0.423604
0.021079
0.042824
0.109214
0.460299
0.733349
0.368977
0.165700
0.452112
0.655972
0.859545
0.969243
0.498552
0.735089
0.342435
0.795685
0.904084
0.558372
0.373421
0.872785
0.255782
0.154532
0.695718
0.588026
0.679838
0.314676
0.668170
0.322612
0.799012
0.135733
0.935770
0.877745
0.927440
0.774648
0.553202
0.123573
0.800769
0.205924
0.144966
0.808743
0.281665
0.263325
0.792533
0.340228
0.102927
0.002924
0.621493
0.657007
0.097335
0.980834
0.626798
0.464877
0.618170
0.532664
0.580737
0.625662
0.287872
0.375858
0.772117
0.833062
0.443720
0.038415
0.786107
0.690944
0.197040
0.909821
0.341853
0.985781
0.729484
0.718369
0.327143
0.259300
0.146824
0.079639
0.452142
0.189282
0.695386
0.550103
0.665136
0.401815
0.849666
0.776979
0.896258
0.390136
0.764422
0.449425
0.881925
0.166017
0.348058
0.727074
0.054158
0.642190
0.525584
0.546515
0.866780
0.389690
0.881783
0.863592
0.498337
0.476512
0.835998
0.220420
0.297133
0.126855
0.248931
0.371244
0.563828
0.941578
0.765225
0.812680
0.122300
0.178296
0.211057
0.867328
0.445375
0.626657
0.964940
0.180160
0.951694
0.185978
0.587360
0.611679
0.272060
0.012348
0.399495
0.814884
0.773867
0.975908
0.262692
0.598203
0.542550
0.307011
0.143447
0.786354
0.653842
0.861113
0.125843
0.541913
0.026422
0.682144
0.066116
0.068370
0.011960
0.177591
0.659836
0.025408
0.883164
0.028527
0.755128
0.523170
0.290477
0.337856
0.128294
0.331660
0.112103
0.681802
0.538925
0.608918
0.221528
0.035126
0.333334
0.507708
0.032477
0.591321
0.116730
0.853801
0.067385
0.345417
0.986659
0.653422
0.665675
0.097616
0.345999
0.127463
0.643615
0.575356
0.474412
0.057231
0.873198
0.998516
0.966592
0.983115
0.237230
0.868464
0.520669
0.455176
0.419386
0.136378
0.987729
0.806915
0.157718
0.596209
0.116859
0.472353
0.997818
0.442943
0.129066
0.850638
0.761361
0.678390
0.665661
0.291625
0.868287
0.408979
0.570845
0.297178
0.118792
0.970649
0.763457
0.809799
0.328722
0.500617
0.972002
0.625537
0.081552
0.874528
0.818597
0.874466
0.092749
0.710705
0.485103
0.229991
0.428057
0.827798
0.562511
0.202383
0.888484
0.970213
0.865445
0.886004
0.387902
0.674993
0.971250
0.059615
0.748792
0.410505
0.632357
0.358422
0.143994
0.008058
0.722901
0.014089
0.926285
0.861057
0.143110
0.459985
0.438852
0.168275
0.300600
0.582966
0.377319
0.247366
0.897047
0.617061
0.303908
0.550083
0.311221
0.336676
0.163509
0.754437
0.601741
0.675481
0.949635
0.693323
0.922484
0.572745
0.014877
0.407950
0.335704
0.731548
0.246978
0.649392
0.076327
0.292328
0.523117
0.968484
0.392076
0.553235
0.689496
0.276097
0.124672
0.039554
0.401540
0.071216
0.164852
0.547867
0.285712
0.923902
0.572172
0.329944
0.107684
0.631662
0.413462
0.494969
0.825510
0.798539
0.581403
0.033502
0.607116
0.593026
0.295264
0.600348
0.331679
0.995569
0.193592
0.492000
0.699720
0.581916
0.907900
0.487131
0.584516
0.761347
0.128908
0.981615
0.578577
0.764720
0.812643
0.959902
0.221817
0.645764
0.880184
0.999358
0.352073
0.748108
0.182347
0.597137
0.974503
0.850600
0.564490
0.188068
0.904402
0.161452
0.763182
0.554720
0.241676
0.865435
0.079768
0.969167
0.927587
0.868326
0.905182
0.327341
0.281004
0.097907
0.014744
0.546629
0.730032
0.962200
0.634278
0.213748
0.391424
0.649003
0.228094
0.415847
0.953669
0.594529
0.088783
0.593833
0.607476
0.218167
0.324965
0.719679
0.880428
0.085056
0.880034
0.350171
0.750176
0.946371
0.515115
0.708185
0.944439
0.775708
0.769457
0.405009
0.301445
0.604387
0.979165
0.576269
0.899384
0.485296
0.590364
0.729463
0.385223
0.132859
0.686792
0.008705
0.624461
0.143829
0.817244
0.814265
0.879957
0.620088
0.420735
0.662435
0.999289
0.715152
0.033479
0.612993
0.883708
0.491916
0.752558
0.467699
0.167241
0.100606
0.784774
0.358154
0.808353
0.963931
0.111271
0.744057
0.032477
0.847857
0.789838
0.684224
0.407734
0.699710
0.682383
0.977525
0.220716
0.785307
0.779301
0.231450
0.802206
0.348592
0.136207
0.872989
0.470030
0.156513
0.928042
0.460838
0.588071
0.336150
0.537306
0.009549
0.575934
0.741670
0.826966
0.488751
0.471032
0.365276
0.851359
0.755920
0.353293
0.630310
0.515527
0.015851
0.813948
0.781130
0.101796
0.221103
0.437532
0.383890
0.635534
0.592516
0.821589
0.537635
0.836449
0.420134
0.605687
0.730697
0.533947
0.817601
0.034902
0.193800
0.234423
0.904857
0.230370
0.609404
0.976898
0.613282
0.409760
0.410123
0.387599
0.429312
0.196582
0.841963
0.262301
0.010123
0.612559
0.468088
0.380194
0.780763
0.957774
0.385620
0.315351
0.347778
0.072973
0.116037
0.980242
0.250245
0.537126
0.895004
0.197070
0.049710
0.655145
0.726482
0.773588
0.249606
0.092820
0.410694
0.420225
0.217077
0.592956
0.122756
0.470164
0.800246
0.059347
0.845924
0.897630
0.195847
0.409230
0.813148
0.839315
0.530205
0.375234
0.977883
0.041413
0.552420
0.543448
0.617334
0.320673
0.265324
0.683648
0.027136
0.575274
0.919834
0.914850
0.844114
0.209755
0.322655
0.273569
0.519218
0.332109
0.262076
0.606623
0.687244
0.858602
0.183912
0.225262
0.230651
0.133343
0.718419
0.327815
0.938983
0.320996
0.362798
0.988811
0.928140
0.479720
0.722981
0.403466
0.265089
0.746933
0.068795
0.064006
0.866708
0.085112
0.783599
0.318198
0.491512
0.966726
0.407626
0.266122
0.124990
0.687234
0.475319
0.682026
0.630632
0.061728
0.216213
0.478322
0.039833
0.189175
0.313754
0.313670
0.485072
0.242109
0.033362
0.752064
0.679773
0.200556
0.780073
0.766834
0.001126
0.440182
0.920617
0.386565
0.399991
0.643675
0.729923
0.706034
0.144303
0.509006
0.082546
0.762515
0.141018
0.830189
0.389788
0.652188
0.607955
0.562716
0.676544
0.514941
0.785579
0.867208
0.345160
0.895222
0.131359
0.569458
0.466947
0.835744
0.711993
0.429777
0.320303
0.176380
0.327407
0.030620
0.678114
0.687068
0.530966
0.283850
0.926130
0.263309
0.102044
0.473763
0.725997
0.533406
0.323885
0.324845
0.360002
0.960295
0.423584
0.505885
0.934782
0.394295
0.332545
0.515290
0.774229
0.973700
0.005682
0.776656
0.578007
0.875143
0.698663
0.184562
0.150147
0.008854
0.296571
0.296956
0.443738
0.908727
0.928527
0.666114
0.131058
0.610346
0.073928
0.799314
0.208306
0.141590
0.894377
0.751836
0.793897
0.250181
0.349248
0.237229
0.025890
0.967291
0.404266
0.355295
0.411736
0.171953
0.076579
0.569808
0.110017
0.745010
0.388114
0.291317
0.034927
0.498774
0.786309
0.038655
0.534127
0.640107
0.223993
0.271181
0.224005
0.200673
0.068971
0.899311
0.895534
0.559796
0.634145
0.856274
0.287260
0.248776
0.249138
0.835092
0.812582
0.148997
0.311920
0.256976
0.581369
0.011456
0.995998
0.630004
0.993905
0.494154
0.769169
0.899121
0.984522
0.079117
0.087023
0.133998
0.331833
0.989967
0.852022
0.789419
0.239696
0.912574
0.240954
0.870269
0.042879
0.891871
0.480984
0.709862
0.718103
0.606534
0.908450
0.806354
0.746270
0.133077
0.717974
0.627071
0.346637
0.177537
0.875674
0.519357
0.357816
0.343616
0.590968
0.261905
0.689502
0.132769
0.986635
0.052624
0.436191
0.153802
0.919455
0.183271
0.543106
0.599883
0.806520
0.244308
0.790453
0.067461
0.233099
0.632625
0.250085
0.129556
0.290963
0.783965
0.995589
0.440336
0.170235
0.271048
0.409618
0.191794
0.320530
0.479543
0.816949
0.850456
0.457945
0.879899
0.500596
0.855163
0.920858
0.056271
0.487829
0.700763
0.998089
0.935394
0.673729
0.897251
0.141891
0.663570
0.410587
0.280009
0.390006
0.483068
0.893243
0.557365
0.422370
0.526943
0.371302
0.400452
0.583123
0.258396
0.303879
0.462013
0.115502
0.800397
0.154620
0.375544
0.631161
0.896214
0.336434
0.251500
0.934703
0.953402
0.170246
0.161273
0.604549
0.696109
0.465201
0.916598
0.868878
0.760338
0.082395
0.262996
0.603238
0.863130
0.919982
0.558835
0.208107
0.748868
0.334784
0.092862
0.643041
0.871763
0.574994
0.484370
0.865460
0.626017
0.585606
0.956548
0.511626
0.806665
0.631148
0.666126
0.253568
0.838516
0.650501
0.922031
0.139412
0.450830
0.888657
0.314183
0.030551
0.011253
0.931734
0.119019
0.361862
0.105126
0.438956
0.778441
0.674866
0.377513
0.742465
0.429909
0.883157
0.015122
0.845242
0.609294
0.504925
0.225261
0.707064
0.073581
0.257633
0.946449
0.142084
0.029962
0.991782
0.795345
0.139404
0.693105
0.738538
0.134136
0.347210
0.838804
0.007098
0.675153
0.838786
0.369990
0.671190
0.448123
0.304180
0.278082
0.416916
0.522740
0.275987
0.800307
0.772379
0.701670
0.559029
0.372736
0.828884
0.389620
0.703158
0.583255
0.059511
0.338782
0.630675
0.300315
0.130513
0.544897
0.068090
0.143922
0.411645
0.038837
0.092129
0.994032
0.115392
0.024429
0.653002
0.831541
0.418650
0.053912
0.590068
0.676984
0.255020
0.377040
0.190952
0.473999
0.410288
0.404104
0.692999
0.115040
0.323507
0.095816
0.650382
0.807062
0.745750
0.514623
0.450776
0.036350
0.886155
0.469049
0.177828
0.846078
0.722618
0.485652
0.653004
0.916371
0.506383
0.625167
0.030087
0.376807
0.719264
0.662972
0.654458
0.804673
0.369654
0.925562
0.189644
0.516901
0.986994
0.451787
0.477645
0.911318
0.602958
0.593525
0.264276
0.436456
0.561628
0.240649
0.676915
0.662488
0.760600
0.422351
0.446640
0.732952
0.826704
0.946046
0.096003
0.707656
0.135379
0.510987
0.276166
0.404163
0.524997
0.283752
0.701154
0.869437
0.465394
0.710088
0.288408
0.705194
0.358747
0.028118
0.717043
0.953078
0.420405
0.295225
0.314330
0.002483
0.677102
0.644120
0.212510
0.383062
0.861590
0.120238
0.349873
0.800252
0.008011
0.534524
0.105300
0.222836
0.987004
0.576370
0.511223
0.643411
0.987120
0.108303
0.447437
0.128384
0.027358
0.004351
0.445807
0.652877
0.071096
0.442467
0.965516
0.783566
0.733982
0.024438
0.666879
0.258381
0.496357
0.848439
0.051634
0.004928
0.765649
0.164484
0.125394
0.128171
0.758332
0.327632
0.583042
0.636235
0.538111
0.386177
0.098679
0.037053
0.705432
0.504793
0.647346
0.405353
0.879999
0.262229
0.135511
0.118623
0.368271
0.285640
0.239060
0.442249
0.542541
0.774177
0.295778
0.411767
0.719784
0.779883
0.663613
0.779951
0.710611
0.372083
0.022037
0.920499
0.965740
0.280337
0.227933
0.312819
0.853603
0.497767
0.237184
0.048157
0.835635
0.817542
0.451926
0.182451
0.835493
0.675891
0.403172
0.948131
0.209682
0.712898
0.626939
0.135474
0.212986
0.526562
0.466746
0.698762
0.092062
0.128321
0.051089
0.026150
0.367022
0.249512
0.221313
0.060313
0.907204
0.292992
0.995890
0.437481
0.968906
0.695075
0.231530
0.392067
0.640593
0.344217
0.249442
0.015741
0.016069
0.791835
0.989414
0.673643
0.010944
0.554758
0.067313
0.786800
0.219627
0.091306
0.832902
0.626083
0.143322
0.536472
0.810488
0.881077
0.964024
0.163209
0.861310
0.223175
0.712397
0.957738
0.468066
0.861184
0.076018
0.718729
0.878590
0.062833
0.555828
0.769615
0.125582
0.525363
0.962694
0.992679
0.585407
0.794957
0.712013
0.306264
0.301632
0.650322
0.657071
0.381804
0.529352
0.819644
0.921685
0.526019
0.039727
0.750895
0.939027
0.299944
0.788064
0.109279
0.237764
0.231681
0.020223
0.857065
0.279707
0.726829
0.188253
0.497642
0.557204
0.018998
0.180294
0.938024
0.134646
0.401129
0.666033
0.166222
0.106134
0.869045
0.937354
0.491776
0.659021
0.841253
0.335443
0.770321
0.389001
0.098657
0.540718
0.256546
0.431544
0.407030
0.928758
0.188528
0.738625
0.310513
0.067041
0.979502
0.664751
0.631567
0.061160
0.644541
0.909105
0.943235
0.741846
0.346821
0.589876
0.517293
0.408003
0.584656
0.820185
0.940490
0.624445
0.081829
0.348693
0.035207
0.683299
0.585526
0.942148
0.886285
0.318469
0.629497
0.621248
0.713424
0.783434
0.590415
0.505843
0.110700
0.517485
0.081649
0.247915
0.917051
0.649852
0.295565
0.477952
0.552282
0.148987
0.490566
0.476945
0.702800
0.598172
0.763234
0.908970
0.037857
0.876457
0.986395
0.659522
0.354572
0.370870
0.842142
0.608331
0.089499
0.008268
0.377785
0.251033
0.556723
0.639233
0.384999
0.338532
0.048231
0.310824
0.628690
0.227032
0.048769
0.831087
0.495149
0.203176
0.931836
0.234704
0.955681
0.042793
0.972341
0.290760
0.960501
0.581795
0.609763
0.129465
0.577786
0.643322
0.662268
0.710475
0.508678
0.747691
0.192532
0.908846
0.287070
0.746862
0.073821
0.963294
0.691391
0.350635
0.833895
0.678926
0.341489
0.704145
0.124471
0.257420
0.997373
0.653171
0.389854
0.569067
0.682978
0.196502
0.150225
0.265657
0.898859
0.086197
0.860429
0.371840
0.545661
0.514585
0.837486
0.136493
0.999879
0.500834
0.978131
0.798994
0.120629
0.894990
0.647428
0.395387
0.554370
0.772945
0.192391
0.106255
0.260377
0.678942
0.833217
0.313618
0.739071
0.676053
0.649629
0.314915
0.220517
0.940741
0.060936
0.437974
0.382342
0.321258
0.864147
0.486414
0.312030
0.495333
0.422646
0.257445
0.401583
0.488643
0.908616
0.527105
0.839717
0.322413
0.050637
0.075407
0.285608
0.631765
0.857033
0.366203
0.468782
0.595371
0.004091
0.202783
0.159909
0.834771
0.457909
0.973578
0.671692
0.196718
0.993748
0.741511
0.277692
0.627984
0.316085
0.140681
0.815853
0.119016
0.112726
0.494988
0.381805
0.828737
0.389782
0.681674
0.353530
0.958685
0.943491
0.407604
0.611959
0.720871
0.334757
0.967031
0.391089
0.257306
0.305777
0.345299
0.829642
0.105221
0.547111
0.180399
0.596955
0.036055
0.266833
0.711602
0.060169
0.799559
0.952621
0.629459
0.301825
0.863244
0.356415
0.122887
0.216051
0.375448
0.710745
0.149253
0.492006
0.647278
0.356668
0.566077
0.959089
0.078487
0.331776
0.395338
0.178014
0.262035
0.238275
0.023707
0.235122
0.230109
0.159283
0.605900
0.583565
0.869262
0.861305
0.972376
0.412606
0.035389
0.485968
0.108552
0.130448
0.306863
0.174778
0.964591
0.289287
0.860295
0.550831
0.158513
0.858857
0.537200
0.745537
0.582050
0.910334
0.268671
0.024600
0.142199
0.110080
0.737882
0.302584
0.694695
0.278223
0.031583
0.486430
0.823213
0.897728
0.763993
0.470746
0.244264
0.084620
0.404605
0.867161
0.099840
0.005468
0.540160
0.194389
0.304227
0.397788
0.475673
0.664010
0.538794
0.446930
0.659350
0.431036
0.217237
0.540628
0.826207
0.682811
0.252942
0.089057
0.356084
0.351270
0.548058
0.990876
0.454232
0.454996
0.214616
0.121624
0.070739
0.635158
0.797826
0.040902
0.267877
0.587782
0.869304
0.767070
0.918008
0.852441
0.635229
0.650417
0.086130
0.399625
0.360725
0.731314
0.110770
0.577384
0.807499
0.621109
0.803707
0.779166
0.148573
0.284766
0.742536
0.673567
0.399070
0.235614
0.137053
0.316248
0.631057
0.006172
0.848241
0.359743
0.509477
0.969837
0.923888
0.798649
0.556696
0.562173
0.254514
0.385545
0.165062
0.319684
0.024466
0.684412
0.767832
0.456911
0.070772
0.177090
0.106034
0.312875
0.359922
0.917250
0.009749
0.713146
0.460925
0.508963
0.025914
0.808718
0.448614
0.930072
0.704397
0.633721
0.243012
0.381902
0.414037
0.883492
0.717059
0.255429
0.214969
0.907313
0.050108
0.397404
0.263239
0.246902
0.699676
0.907684
0.718344
0.559772
0.147210
0.819916
0.870732
0.557213
0.873328
0.210111
0.813253
0.761344
0.735825
0.445235
0.525757
0.677429
0.784449
0.879750
0.337196
0.137034
0.692288
0.180165
0.849527
0.466006
0.076741
0.167265
0.168536
0.818811
0.299849
0.048783
0.809096
0.309025
0.156356
0.363692
0.738596
0.210579
0.141097
0.232291
0.523707
0.221643
0.013031
0.381294
0.427161
0.253906
0.062035
0.074365
0.257098
0.341243
0.019335
0.608043
0.607157
0.184479
0.303581
0.666841
0.867646
0.579401
0.113488
0.236141
0.156197
0.815536
0.723772
0.536971
0.477009
0.000394
0.764731
0.106093
0.099674
0.945429
0.124704
0.147115
0.290740
0.903824
0.747269
0.238656
0.405602
0.391543
0.588718
0.945177
0.350975
0.090634
0.609962
0.816640
0.738028
0.082161
0.068596
0.407483
0.823970
0.707079
0.157481
0.674772
0.218489
0.854686
0.923629
0.084321
0.050118
0.126610
0.846194
0.020791
0.168776
0.415122
0.583966
0.729355
0.680726
0.861545
0.855913
0.872479
0.576394
0.179048
0.097648
0.841891
0.729414
0.235844
0.981747
0.944696
0.512694
0.339463
0.612651
0.851362
0.180420
0.887506
0.913512
0.928000
0.430205
0.906251
0.559650
0.188268
0.299669
0.432042
0.201093
0.926083
0.862096
0.078429
0.418018
0.890572
0.501733
0.397889
0.172728
0.064367
0.961993
0.301036
0.510893
0.175699
0.112571
0.460232
0.378874
0.895962
0.505934
0.791032
0.081957
0.021050
0.089467
0.200083
0.669800
0.374735
0.251114
0.985833
0.998728
0.712566
0.386453
0.967911
0.730078
0.120712
0.273494
0.449145
0.730230
0.732917
0.465091
0.349358
0.277807
0.675469
0.042404
0.641056
0.704260
0.914092
0.992338
0.865258
0.733036
0.510047
0.469037
0.788408
0.213313
0.895389
0.800293
0.583803
0.699102
0.424143
0.539239
0.075233
0.172080
0.674267
0.544928
0.810216
0.459139
0.421370
0.348073
0.073563
0.831914
0.912637
0.791731
0.601446
0.113191
0.992542
0.946552
0.529549
0.588993
0.943425
0.376072
0.336324
0.253707
0.304223
0.405718
0.591646
0.376839
0.520494
0.078803
0.929050
0.311718
0.659928
0.850684
0.592952
0.861370
0.583247
0.428017
0.215902
0.510267
0.916670
0.480198
0.693764
0.305111
0.565323
0.533545
0.147479
0.595094
0.848493
0.516391
0.302584
0.127420
0.363417
0.925605
0.064348
0.930057
0.547965
0.501756
0.338765
0.431177
0.291639
0.233675
0.529728
0.561336
0.520785
0.156890
0.675433
0.207112
0.879159
0.099292
0.446587
0.883048
0.311048
0.399282
0.849694
0.570839
0.059138
0.414146
0.653128
0.549283
0.020485
0.943510
0.443758
0.080996
0.293476
0.659559
0.070623
0.326353
0.277557
0.545275
0.264243
0.325687
0.209772
0.975038
0.312656
0.595158
0.649311
0.323692
0.502430
0.660050
0.589115
0.433023
0.006427
0.905272
0.229751
0.927115
0.326364
0.748343
0.549432
0.158309
0.647070
0.302720
0.149416
0.028316
0.900653
0.474513
0.417439
0.791292
0.234622
0.609128
0.442019
0.163206
0.202691
0.561502
0.244787
0.791729
0.875541
0.512827
0.678561
0.495108
0.210370
0.892182
0.906291
0.399748
0.328293
0.225189
0.500204
0.078668
0.471084
0.156474
0.540613
0.896296
0.848964
0.914407
0.084358
0.923289
0.344301
0.304539
0.480944
0.057997
0.552642
0.950903
0.400399
0.181593
0.435169
0.326744
0.120831
0.075859
0.694759
0.802547
0.833251
0.964865
0.941476
0.260579
0.225932
0.472226
0.900104
0.242238
0.649352
0.681278
0.206133
0.032351
0.665452
0.319649
0.755118
0.448799
0.925629
0.585056
0.659565
0.297336
0.720229
0.361546
0.287874
0.662173
0.624019
0.396997
0.295528
0.135596
0.882799
0.854025
0.249086
0.104396
0.634170
0.328561
0.914492
0.127093
0.273726
0.761467
0.848643
0.046808
0.302175
0.384804
0.336209
0.542648
0.183089
0.656223
0.659571
0.931032
0.739506
0.468502
0.980172
0.985906
0.921430
0.587492
0.218159
0.374555
0.622692
0.106571
0.170073
0.325128
0.997803
0.488972
0.239721
0.889429
0.767645
0.479515
0.652900
0.805881
0.127946
0.155003
0.793837
0.843631
0.677595
0.367446
0.304178
0.637925
0.873746
0.382702
0.269725
0.304471
0.562461
0.347258
0.343866
0.542583
0.697086
0.707073
0.311772
0.762966
0.064671
0.303550
0.753566
0.545764
0.022958
0.644661
0.840505
0.101563
0.812978
0.896859
0.206882
0.719248
0.214984
0.361240
0.819686
0.151223
0.319786
0.738602
0.637011
0.370878
0.166692
0.150325
0.355105
0.591225
0.117686
0.055103
0.575248
0.767170
0.174787
0.103523
0.127393
0.279259
0.641147
0.341525
0.317615
0.489309
0.918177
0.767688
0.646315
0.561333
0.922036
0.926581
0.820329
0.302075
0.822109
0.705973
0.933273
0.829783
0.826040
0.857449
0.909837
0.274981
0.407836
0.737109
0.850017
0.750862
0.390917
0.822399
0.195986
0.607905
0.838248
0.909825
0.745800
0.447437
0.469390
0.244844
0.518163
0.575864
0.486230
0.439920
0.839729
0.903472
0.052753
0.829182
0.998001
0.722736
0.336668
0.357921
0.504073
0.047826
0.507884
0.782421
0.902719
0.334700
0.743749
0.860141
0.134793
0.416899
0.865302
0.236331
0.667263
0.263075
0.425067
0.418088
0.260624
0.284875
0.475800
0.749513
0.650864
0.189489
0.652912
0.698459
0.644604
0.603730
0.852528
0.029039
0.231248
0.499453
0.265865
0.703721
0.345527
0.088138
0.505607
0.572442
0.666029
0.927174
0.136161
0.252872
0.743333
0.462473
0.711301
0.602058
0.542812
0.773625
0.396969
0.570470
0.610710
0.502027
0.855981
0.263769
0.233229
0.454602
0.722019
0.793533
0.973998
0.498691
0.390261
0.343761
0.748264
0.277693
0.622071
0.340527
0.758445
0.955159
0.185937
0.623599
0.307889
0.968196
0.974402
0.185224
0.414718
0.904838
0.012229
0.125457
0.897918
0.548998
0.560407
0.379613
0.480732
0.563811
0.432354
0.339904
0.743276
0.541314
0.873088
0.302533
0.180334
0.031419
0.392887
0.377384
0.934648
0.898981
0.154178
0.950526
0.133360
0.177004
0.802496
0.657239
0.345771
0.090925
0.016580
0.290507
0.416984
0.008347
0.973124
0.047790
0.580712
0.112734
0.505975
0.550518
0.016246
0.003705
0.888811
0.777789
0.436207
0.243137
0.293012
0.618143
0.284689
0.978075
0.942073
0.120590
0.633270
0.521037
0.977906
0.214581
0.173417
0.529993
0.193213
0.064765
0.539579
0.687487
0.295320
0.965334
0.470348
0.730196
0.052201
0.031029
0.480552
0.744327
0.011598
0.290190
0.781637
0.168937
0.087578
0.863590
0.948031
0.314443
0.126936
0.893392
0.448538
0.373388
0.030896
0.352107
0.885505
0.802631
0.606503
0.996259
0.016855
0.797499
0.661237
0.762563
0.565656
0.492940
0.392617
0.799791
0.636076
0.521587
0.311357
0.156862
0.595359
0.555691
0.003615
0.489874
0.239565
0.255959
0.069298
0.243443
0.839197
0.873127
0.669822
0.492469
0.367706
0.506695
0.200156
0.539709
0.683885
0.103626
0.234064
0.478989
0.941545
0.216519
0.904507
0.675506
0.503526
0.173121
0.554160
0.559617
0.210679
0.596269
0.887189
0.433813
0.802861
0.808027
0.393477
0.231215
0.002826
0.789896
0.563570
0.683252
0.516894
0.596249
0.432218
0.690067
0.937413
0.515551
0.293777
0.567138
0.297338
0.251471
0.770959
0.744089
0.169349
0.453194
0.383444
0.689466
0.853068
0.303939
0.263635
0.490167
0.352687
0.479823
0.886923
0.010990
0.143276
0.688640
0.091175
0.606681
0.760907
0.628285
0.382784
0.430274
0.515591
0.560474
0.921996
0.576179
0.373479
0.475574
0.079968
0.653947
0.681267
0.911522
0.996481
0.772458
0.366038
0.998090
0.392536
0.695952
0.537771
0.032648
0.271513
0.158883
0.069954
0.955558
0.837510
0.867537
0.485588
0.710680
0.435595
0.880714
0.240093
0.110821
0.491037
0.872414
0.427304
0.330285
0.966644
0.984405
0.283362
0.964838
0.176412
0.244106
0.769822
0.933275
0.472096
0.871281
0.950305
0.504226
0.911135
0.615681
0.458616
0.360875
0.105854
0.939277
0.069849
0.090208
0.325845
0.198144
0.435489
0.753079
0.332703
0.880350
0.953121
0.028869
0.832834
0.125203
0.963863
0.684703
0.414685
0.817865
0.134561
0.304974
0.430471
0.838256
0.034761
0.291130
0.461033
0.846670
0.817502
0.589381
0.006523
0.426119
0.523357
0.469414
0.416370
0.128362
0.049669
0.583301
0.306947
0.097105
0.148335
0.072719
0.099359
0.538904
0.123330
0.640437
0.608651
0.599071
0.364656
0.659233
0.578747
0.090635
0.546461
0.964375
0.369839
0.321771
0.656795
0.435663
0.609559
0.597640
0.923117
0.405340
0.943436
0.632174
0.848674
0.742564
0.452765
0.857315
0.797078
0.996661
0.505002
0.741774
0.292129
0.935074
0.364824
0.003079
0.979797
0.534386
0.983508
0.400067
0.217836
0.465812
0.953607
0.283131
0.250794
0.494754
0.800255
0.389892
0.229583
0.311227
0.236515
0.689646
0.289874
0.051352
0.387338
0.514422
0.462515
0.676170
0.048075
0.993551
0.874834
0.001481
0.575203
0.757090
0.793572
0.253228
0.012691
0.971839
0.039723
0.160869
0.725457
0.796708
0.516558
0.466427
0.960555
0.906941
0.887404
0.900401
0.896019
0.416143
0.237746
0.494298
0.660868
0.575783
0.222636
0.481028
0.429668
0.616485
0.141829
0.795398
0.478712
0.590276
0.705550
0.708611
0.260859
0.122488
0.958235
0.067865
0.379429
0.678902
0.701232
0.760708
0.361277
0.933323
0.265496
0.282800
0.403710
0.300755
0.749086
0.036987
0.690961
0.793281
0.670746
0.865213
0.358438
0.226694
0.318912
0.881541
0.949736
0.197225
0.497619
0.069254
0.104009
0.170692
0.853720
0.927872
0.980267
0.409711
0.472217
0.680380
0.324459
0.042260
0.077662
0.982414
0.205996
0.685155
0.294399
0.037469
0.581727
0.849671
0.325814
0.682772
0.827096
0.993294
0.180936
0.288008
0.682681
0.442750
0.614684
0.184321
0.130669
0.310710
0.735844
0.378264
0.829914
0.806381
0.576718
0.991109
0.708286
0.639389
0.107539
0.208370
0.431896
0.888823
0.377521
0.553930
0.043859
0.928653
0.309832
0.532926
0.554369
0.910286
0.422477
0.452531
0.281547
0.890417
0.511379
0.525847
0.875529
0.994800
0.544867
0.817600
0.713683
0.906926
0.088381
0.401720
0.071185
0.229941
0.884427
0.468993
0.996022
0.310207
0.427470
0.521339
0.769156
0.181219
0.907385
0.169734
0.601881
0.492653
0.294255
0.445167
0.793221
0.535352
0.325639
0.070946
0.371060
0.779334
0.235216
0.558098
0.315538
0.609809
0.433404
0.844510
0.524178
0.929994
0.593573
0.687353
0.385388
0.776081
0.456674
0.799454
0.056674
0.813521
0.141506
0.090756
0.460056
0.801704
0.163167
0.482123
0.254811
0.185331
0.482408
0.437690
0.025612
0.593361
0.085473
0.513039
0.485605
0.403059
0.338964
0.107794
0.260106
0.176269
0.670421
0.671475
0.311499
0.469201
0.542107
0.152638
0.793851
0.610291
0.384225
0.372253
0.198595
0.472731
0.410508
0.652860
0.549354
0.422397
0.392915
0.174377
0.323032
0.747172
0.532296
0.082282
0.739070
0.699123
0.830664
0.028191
0.546071
0.992379
0.654748
0.927418
0.463242
0.584485
0.391857
0.334048
0.437006
0.134786
0.394946
0.957384
0.383021
0.096160
0.761242
0.057606
0.702304
0.784634
0.547905
0.717904
0.875948
0.503262
0.569081
0.193184
0.203825
0.777483
0.276592
0.644104
0.078355
0.368439
0.542226
0.584885
0.554204
0.951540
0.044159
0.010692
0.044167
0.589080
0.486877
0.502140
0.185067
0.344198
0.832775
0.209278
0.248227
0.541544
0.298116
0.164189
0.672023
0.849717
0.494933
0.142043
0.855421
0.340547
0.805953
0.624469
0.045973
0.807648
0.412521
0.563480
0.359711
0.764997
0.787870
0.547000
0.847728
0.196224
0.041970
0.643153
0.882477
0.359154
0.122359
0.771822
0.506491
0.936255
0.438366
0.081526
0.832068
0.919881
0.476944
0.174679
0.882820
0.170807
0.486736
0.936274
0.551073
0.616192
0.560636
0.121189
0.665946
0.314362
0.752471
0.020522
0.513548
0.242546
0.781788
0.884505
0.624727
0.605703
0.398246
0.635491
0.164294
0.270018
0.592072
0.770423
0.701822
0.800778
0.863517
0.042223
0.709828
0.843692
0.296348
0.206340
0.881357
0.341316
0.455355
0.792550
0.973713
0.024936
0.999502
0.400668
0.219457
0.269236
0.078798
0.715132
0.219674
0.507220
0.362887
0.472508
0.585602
0.749902
0.734852
0.651759
0.368753
0.480030
0.741753
0.692166
0.168895
0.804806
0.005784
0.254675
0.330000
0.357092
0.194772
0.247719
0.596708
0.763108
0.306632
0.808271
0.064661
0.123883
0.118190
0.837410
0.368566
0.137560
0.437589
0.188966
0.881692
0.241238
0.489081
0.279124
0.289246
0.765113
0.525949
0.650528
0.322697
0.322875
0.026216
0.869240
0.543139
0.100831
0.451116
0.528311
0.509316
0.690153
0.765663
0.176021
0.835797
0.174128
0.946106
0.065416
0.500924
0.510479
0.718275
0.577077
0.460094
0.420121
0.834081
0.272910
0.401180
0.560366
0.174062
0.655758
0.517037
0.071934
0.422067
0.740965
0.316192
0.210113
0.297524
0.162283
0.779238
0.272216
0.193146
0.309371
0.143878
0.075063
0.750388
0.579897
0.411443
0.424139
0.595105
0.384784
0.284289
0.611208
0.399088
0.899077
0.909085
0.453444
0.873976
0.868931
0.272797
0.466432
0.082104
0.018531
0.190489
0.668287
0.587331
0.312480
0.779907
0.788224
0.834250
0.470862
0.838632
0.212768
0.543714
0.173419
0.291579
0.825656
0.084700
0.922358
0.717732
0.129729
0.522741
0.917169
0.661198
0.893467
0.049795
0.394071
0.700742
0.420067
0.384476
0.855889
0.041311
0.892901
0.244125
0.497673
0.020770
0.152616
0.918550
0.797561
0.724798
0.500874
0.901421
0.872949
0.161418
0.695038
0.325092
0.551864
0.993277
0.604528
0.289277
0.657249
0.510416
0.335249
0.155070
0.620100
0.820840
0.705635
0.920576
0.415314
0.789241
0.574771
0.927206
0.327720
0.899905
0.266075
0.536753
0.478942
0.270767
0.585771
0.459724
0.345503
0.536110
0.877358
0.323082
0.948299
0.737836
0.547687
0.317854
0.328326
0.298907
0.697442
0.188443
0.494903
0.535292
0.957572
0.734896
0.466753
0.125929
0.753330
0.771393
0.257940
0.315461
0.004431
0.866141
0.884356
0.134703
0.503864
0.766584
0.025036
0.785712
0.331005
0.834914
0.598009
0.800933
0.649731
0.801370
0.375802
0.978030
0.800164
0.562362
0.106869
0.888045
0.555217
0.864376
0.405719
0.344816
0.823258
0.023809
0.039675
0.958927
0.730243
0.495480
0.889772
0.331432
0.138959
0.975824
0.612038
0.530235
0.140674
0.236252
0.642822
0.177101
0.438610
0.112949
0.375570
0.195774
0.421237
0.579577
0.276518
0.681376
0.367605
0.875186
0.612171
0.129497
0.860155
0.772410
0.391000
0.551619
0.528702
0.041976
0.921808
0.776141
0.430097
0.298893
0.542156
0.938592
0.718200
0.805544
0.220847
0.504270
0.276720
0.002747
0.441300
0.261151
0.071048
0.973709
0.847173
0.970353
0.105171
0.286902
0.233023
0.098652
0.927905
0.549603
0.549423
0.016931
0.190314
0.024409
0.719381
0.252071
0.227343
0.999050
0.336902
0.573778
0.941539
0.011578
0.688935
0.152717
0.744810
0.085152
0.867907
0.116803
0.823249
0.386981
0.578663
0.810154
0.565793
0.280345
0.164113
0.771776
0.279979
0.377791
0.281696
0.425247
0.585625
0.298248
0.280865
0.162327
0.477921
0.300577
0.786101
0.267025
0.829691
0.133738
0.240439
0.533462
0.333287
0.693932
0.440061
0.519446
0.043897
0.328082
0.441435
0.646600
0.813772
0.529622
0.620850
0.644111
0.679571
0.110006
0.366836
0.479287
0.465183
0.659003
0.030555
0.053471
0.868118
0.531767
0.449494
0.662520
0.150160
0.574909
0.517347
0.959374
0.056352
0.038681
0.840132
0.921000
0.312531
0.066737
0.071252
0.608425
0.715546
0.132850
0.863663
0.436872
0.139773
0.822499
0.134958
0.112003
0.951836
0.888345
0.847032
0.255496
0.766254
0.369795
0.738500
0.842131
0.836259
0.487008
0.540490
0.017308
0.059108
0.442180
0.239208
0.112903
0.272078
0.414760
0.701776
0.812891
0.642666
0.594931
0.492081
0.151608
0.579372
0.744063
0.090678
0.711105
0.530944
0.027270
0.947448
0.578233
0.595261
0.175240
0.277659
0.985714
0.163013
0.342511
0.395058
0.370262
0.332697
0.297692
0.836999
0.615870
0.845737
0.431240
0.121498
0.263888
0.318176
0.458651
0.785573
0.064098
0.703938
0.104180
0.814610
0.595735
0.778242
0.689598
0.564432
0.985604
0.712061
0.825593
0.611534
0.509875
0.548893
0.262692
0.828770
0.650216
0.822126
0.336613
0.910651
0.049699
0.094294
0.377320
0.874475
0.589205
0.347059
0.360348
0.409820
0.461281
0.391937
0.301288
0.220689
0.038944
0.933937
0.329133
0.386963
0.360793
0.933150
0.948457
0.340654
0.011212
0.389856
0.790523
0.942700
0.617076
0.947681
0.368934
0.306825
0.804967
0.076830
0.888940
0.117486
0.927063
0.719625
0.128686
0.313288
0.114068
0.378561
0.866272
0.635126
0.482917
0.591513
0.391766
0.592967
0.378243
0.946054
0.847535
0.893852
0.511663
0.660484
0.481275
0.784748
0.668372
0.534604
0.269883
0.793525
0.298845
0.048444
0.365627
0.774490
0.241092
0.089081
0.571162
0.153125
0.919192
0.212613
0.695038
0.320780
0.013854
0.258595
0.143316
0.323274
0.065274
0.782642
0.266838
0.394696
0.656853
0.609798
0.445330
0.924310
0.527595
0.005093
0.457342
0.399142
0.390109
0.237407
0.309134
0.307833
0.254010
0.892538
0.714600
0.450705
0.283874
0.497403
0.426198
0.411303
0.647048
0.167907
0.628843
0.070839
0.908081
0.597826
0.757175
0.834777
0.833558
0.254082
0.102492
0.385956
0.743190
0.940036
0.761758
0.824095
0.587581
0.163406
0.471565
0.114903
0.174385
0.877761
0.006720
0.211446
0.331341
0.805120
0.050021
0.143748
0.487949
0.835039
0.671344
0.245074
0.472021
0.831856
0.799302
0.974111
0.807135
0.319513
0.425735
0.432163
0.581428
0.163750
0.861050
0.190366
0.023717
0.284717
0.851072
0.796270
0.236408
0.583157
0.372196
0.371091
0.429954
0.196892
0.134363
0.466984
0.899804
0.107329
0.612537
0.934594
0.251169
0.719390
0.703224
0.775106
0.569023
0.709306
0.148299
0.084898
0.039341
0.438165
0.726969
0.968377
0.970507
0.135475
0.674136
0.117640
0.550596
0.899077
0.320010
0.629893
0.956915
0.751188
0.253757
0.599379
0.215873
0.167411
0.468041
0.154663
0.513841
0.664205
0.793554
0.824984
0.189571
0.499501
0.776356
0.778527
0.657544
0.332951
0.404553
0.205656
0.748994
0.620918
0.929345
0.455692
0.441466
0.870080
0.494600
0.076450
0.758211
0.771261
0.155233
0.675916
0.131554
0.797533
0.950443
0.878921
0.269466
0.118529
0.350235
0.150284
0.531347
0.882340
0.975006
0.392457
0.523039
0.201683
0.578060
0.505865
0.850546
0.106984
0.269729
0.018167
0.121631
0.191949
0.095510
0.104737
0.712482
0.933176
0.591641
0.117491
0.491552
0.810315
0.556415
0.259445
0.478499
0.401133
0.448197
0.885007
0.130897
0.681556
0.888532
0.804863
0.973780
0.951443
0.030921
0.882542
0.669057
0.014393
0.741180
0.093744
0.518535
0.431975
0.608915
0.380351
0.114773
0.874541
0.388946
0.914131
0.387771
0.792077
0.750907
0.497588
0.109838
0.087724
0.818155
0.398062
0.078932
0.279712
0.264526
0.509368
0.890831
0.336600
0.865625
0.223566
0.763063
0.717356
0.403670
0.606848
0.313016
0.652458
0.365078
0.394458
0.652332
0.550717
0.928757
0.755008
0.280047
0.363810
0.038621
0.123138
0.527529
0.737204
0.493030
0.818323
0.611625
0.442368
0.222064
0.630672
0.850224
0.433768
0.132018
0.822879
0.915830
0.684718
0.110962
0.770302
0.544913
0.139846
0.073928
0.437312
0.282986
0.062954
0.202254
0.023482
0.122958
0.759180
0.652929
0.519433
0.601482
0.915731
0.545354
0.107325
0.366640
0.664618
0.943648
0.524581
0.251470
0.815920
0.774074
0.435815
0.994835
0.656707
0.385408
0.441898
0.452152
0.815832
0.204165
0.747749
0.186446
0.197556
0.265095
0.413859
0.084847
0.076500
0.297796
0.481034
0.681783
0.166382
0.736657
0.295562
0.269242
0.049870
0.251700
0.661242
0.667533
0.578175
0.392663
0.074223
0.738583
0.595691
0.532406
0.750524
0.924479
0.931498
0.041537
0.389602
0.221598
0.063713
0.940857
0.581706
0.032611
0.003087
0.665978
0.137383
0.822867
0.358424
0.365015
0.518462
0.958349
0.317878
0.908927
0.196199
0.443986
0.932563
0.252911
0.748015
0.212107
0.097210
0.764372
0.796687
0.974708
0.166218
0.599377
0.753953
0.563047
0.200406
0.742808
0.896933
0.516595
0.275814
0.288407
0.361010
0.052362
0.385496
0.625826
0.423496
0.796688
0.895332
0.507283
0.462315
0.095186
0.077126
0.708194
0.514563
0.321759
0.767659
0.463915
0.571074
0.577107
0.076968
0.378339
0.524415
0.461805
0.162044
0.578570
0.536826
0.584004
0.686032
0.931053
0.203997
0.664186
0.171584
0.887180
0.822546
0.092474
0.741848
0.876635
0.806086
0.819505
0.660191
0.368644
0.201917
0.042550
0.001794
0.164464
0.058641
0.006557
0.173608
0.884828
0.391527
0.658696
0.360082
0.575228
0.623216
0.325484
0.121019
0.561720
0.633832
0.660573
0.241361
0.338382
0.135117
0.032822
0.681246
0.088846
0.008157
0.854264
0.932856
0.211621
0.631206
0.613077
0.086679
0.031920
0.891088
0.151002
0.605465
0.500808
0.280254
0.871409
0.686218
0.369809
0.924525
0.932891
0.223764
0.228044
0.256454
0.373343
0.373787
0.223977
0.520330
0.097230
0.033671
0.722904
0.425245
0.167002
0.812166
0.518805
0.147571
0.330736
0.752220
0.872276
0.278090
0.782580
0.078750
0.476469
0.118394
0.564482
0.655167
0.392314
0.897125
0.665318
0.139913
0.291364
0.446269
0.917992
0.191212
0.667467
0.968544
0.509242
0.701431
0.447695
0.340296
0.435347
0.445459
0.969888
0.345957
0.987250
0.185614
0.633293
0.615356
0.166041
0.723151
0.222381
0.814571
0.661446
0.465857
0.612696
0.224738
0.227689
0.515874
0.672229
0.349660
0.143102
0.669916
0.657797
0.290174
0.390135
0.145085
0.356862
0.446095
0.743919
0.224488
0.849224
0.245401
0.403029
0.114252
0.549998
0.696341
0.254611
0.561489
0.247225
0.370620
0.219170
0.119887
0.321576
0.193222
0.026472
0.566780
0.846730
0.685549
0.892392
0.977774
0.933702
0.293642
0.293672
0.497159
0.731402
0.437683
0.155758
0.840677
0.281255
0.673540
0.966352
0.315591
0.759400
0.520915
0.186691
0.731617
0.269966
0.872554
0.357248
0.622372
0.000692
0.394933
0.947321
0.392300
0.060490
0.684496
0.068318
0.469451
0.315525
0.492488
0.938437
0.482203
0.901479
0.549726
0.953434
0.037287
0.721954
0.445180
0.460017
0.267094
0.718780
0.463500
0.408180
0.344207
0.650965
0.143147
0.276143
0.569764
0.419823
0.127466
0.563478
0.728050
0.987296
0.724097
0.892362
0.423556
0.972520
0.435751
0.483913
0.454786
0.701278
0.488361
0.782788
0.388131
0.949131
0.295449
0.578137
0.683596
0.644504
0.705021
0.098102
0.474866
0.248103
0.153318
0.235104
0.562660
0.908714
0.573349
0.870900
0.743170
0.266268
0.784403
0.862608
0.523963
0.926616
0.746736
0.218303
0.676183
0.345879
0.610046
0.457631
0.701762
0.751439
0.094062
0.838475
0.659911
0.528500
0.756115
0.392612
0.100700
0.090129
0.931722
0.532256
0.218044
0.210072
0.089172
0.656614
0.386289
0.498246
0.184211
0.909283
0.645545
0.781698
0.279987
0.673419
0.975906
0.002096
0.898036
0.833380
0.356748
0.460558
0.300063
0.379219
0.018922
0.471793
0.191041
0.184307
0.765592
0.051000
0.419322
0.215766
0.818224
0.484487
0.587242
0.222136
0.896043
0.164730
0.215611
0.618520
0.391690
0.262012
0.017181
0.529064
0.328889
0.672771
0.632973
0.869691
0.795588
0.697127
0.646706
0.606821
0.510578
0.971254
0.644697
0.196991
0.097910
0.877259
0.467466
0.867511
0.778223
0.809933
0.362946
0.225294
0.855989
0.338720
0.623017
0.377044
0.475851
0.929519
0.442741
0.200745
0.593575
0.653503
0.929279
0.910318
0.831142
0.204891
0.177265
0.704513
0.357924
0.073702
0.735269
0.037405
0.257809
0.077970
0.859444
0.419377
0.335450
0.695693
0.308978
0.718900
0.190689
0.048440
0.887954
0.648856
0.051007
0.272755
0.669758
0.008012
0.304363
0.189611
0.393535
0.466006
0.815825
0.274796
0.548162
0.548462
0.994400
0.731201
0.731502
0.105942
0.024481
0.457476
0.840600
0.056755
0.613106
0.072403
0.892891
0.751547
0.548034
0.991618
0.983634
0.474843
0.937659
0.540296
0.366819
0.482497
0.225078
0.850332
0.020870
0.488229
0.963311
0.297620
0.124593
0.339970
0.045999
0.261478
0.332998
0.993359
0.859170
0.338573
0.698189
0.264575
0.466050
0.966464
0.854588
0.542936
0.576366
0.545660
0.032776
0.816647
0.123596
0.764292
0.209959
0.869365
0.298134
0.787173
0.334547
0.914718
0.556034
0.957791
0.654187
0.712319
0.091362
0.897235
0.552504
0.637064
0.193017
0.538449
0.256793
0.120744
0.040462
0.663721
0.612171
0.818900
0.196893
0.030664
0.711872
0.134556
0.242194
0.345475
0.513039
0.393479
0.189688
0.664093
0.521521
0.141147
0.490119
0.929808
0.413385
0.915733
0.299229
0.718974
0.819402
0.800310
0.945002
0.674741
0.436431
0.983929
0.828971
0.108182
0.067334
0.175390
0.345441
0.328201
0.472665
0.131495
0.770655
0.846985
0.953612
0.611375
0.266505
0.904004
0.988338
0.196889
0.975034
0.491754
0.369424
0.402531
0.988895
0.662914
0.923231
0.375636
0.547100
0.090534
0.507649
0.144906
0.196884
0.078953
0.900006
0.227349
0.576888
0.965558
0.426368
0.681573
0.273141
0.766108
0.564890
0.055015
0.028900
0.377269
0.748503
0.561146
0.341212
0.941575
0.109872
0.167761
0.833895
0.983962
0.833344
0.401548
0.623280
0.765127
0.442304
0.483597
0.731224
0.214473
0.229938
0.747530
0.737418
0.166937
0.195090
0.115432
0.064009
0.676454
0.293963
0.744513
0.944912
0.718447
0.204748
0.298356
0.781819
0.540998
0.961123
0.645586
0.387378
0.255751
0.925145
0.483902
0.245936
0.760659
0.207651
0.141517
0.611411
0.753352
0.233145
0.125629
0.732469
0.173531
0.822525
0.925241
0.314468
0.054028
0.587794
0.498604
0.157042
0.199167
0.815925
0.891074
0.775021
0.182207
0.550575
0.858748
0.985448
0.783350
0.038768
0.036160
0.030417
0.839212
0.462599
0.077402
0.006673
0.055126
0.574946
0.968523
0.160293
0.423859
0.067402
0.739096
0.688231
0.606553
0.510291
0.018016
0.817618
0.851145
0.301331
0.732756
0.515193
0.330375
0.539794
0.128803
0.952090
0.511231
0.581121
0.475652
0.652279
0.893955
0.445871
0.238044
0.432119
0.903731
0.094575
0.148704
0.066445
0.832807
0.902286
0.768801
0.311017
0.219769
0.539069
0.927987
0.082921
0.069900
0.429542
0.351435
0.989736
0.413430
0.623743
0.529118
0.729207
0.633070
0.200830
0.775619
0.768359
0.008376
0.868373
0.881384
0.982403
0.193349
0.674669
0.936626
0.528485
0.375071
0.323013
0.094655
0.035612
0.665409
0.967644
0.004534
0.803694
0.894970
0.247547
0.679395
0.456887
0.138088
0.851574
0.859519
0.775569
0.115132
0.947279
0.202424
0.000647
0.978527
0.257674
0.480972
0.414141
0.177136
0.935618
0.569583
0.604407
0.590810
0.387148
0.108823
0.620326
0.590441
0.420250
0.286412
0.545594
0.368366
0.583870
0.311017
0.852444
0.295635
0.298579
0.785033
0.552351
0.888506
0.261868
0.449203
0.408310
0.299628
0.616576
0.709555
0.643074
0.212262
0.628830
0.714999
0.405280
0.144172
0.526386
0.117145
0.364062
0.445569
0.591818
0.127846
0.380031
0.133993
0.902035
0.085221
0.053458
0.690860
0.090199
0.767156
0.715813
0.457399
0.550415
0.574757
0.365717
0.648097
0.450590
0.103887
0.077221
0.795157
0.659614
0.556757
0.459935
0.125853
0.097235
0.353414
0.577587
0.262889
0.350743
0.887325
0.663502
0.453871
0.964158
0.895409
0.021545
0.528519
0.364884
0.505254
0.357735
0.145949
0.500123
0.282810
0.671968
0.562174
0.036449
0.996497
0.649760
0.801421
0.589665
0.310264
0.279931
0.723434
0.896686
0.001938
0.852531
0.311994
0.970391
0.891254
0.243776
0.324179
0.210215
0.566512
0.369669
0.800394
0.760425
0.779565
0.537225
0.014528
0.199033
0.152885
0.939569
0.034681
0.228880
0.272682
0.586359
0.444470
0.032029
0.625805
0.969624
0.145226
0.043008
0.349611
0.392429
0.757842
0.039557
0.292052
0.954547
0.641094
0.148388
0.775734
0.825409
0.094064
0.438716
0.510085
0.680144
0.067317
0.564413
0.918487
0.092811
0.667149
0.431617
0.751761
0.639993
0.435249
0.603487
0.025370
0.087264
0.146203
0.292861
0.941396
0.969595
0.298823
0.496520
0.212266
0.099063
0.403394
0.435253
0.949134
0.358317
0.272599
0.461678
0.573415
0.112533
0.964322
0.995341
0.890780
0.057270
0.374088
0.230785
0.603884
0.170076
0.988898
0.112256
0.753629
0.856182
0.990229
0.706552
0.802293
0.306695
0.005386
0.886787
0.992767
0.490207
0.660443
0.331867
0.128067
0.964125
0.845718
0.203907
0.949385
0.285394
0.053195
0.859265
0.016040
0.328075
0.625988
0.152120
0.205106
0.231672
0.888179
0.857753
0.987304
0.894116
0.082194
0.247699
0.459640
0.007898
0.008221
0.454338
0.958566
0.549118
0.381951
0.665437
0.512663
0.034829
0.847531
0.826926
0.814213
0.009976
0.131834
0.729609
0.603429
0.639556
0.722027
0.012733
0.157894
0.749082
0.764833
0.116530
0.034469
0.028105
0.360503
0.153842
0.023420
0.788040
0.810649
0.055528
0.749353
0.182926
0.820225
0.501683
0.477086
0.094124
0.352939
0.596314
0.157945
0.221199
0.442880
0.511412
0.464743
0.741984
0.618060
0.307682
0.240611
0.016967
0.866972
0.670272
0.451473
0.645754
0.797940
0.063582
0.715202
0.272444
0.401767
0.904661
0.439269
0.073145
0.168629
0.390881
0.399253
0.604577
0.859399
0.624756
0.809984
0.182901
0.273706
0.721968
0.739978
0.997713
0.153369
0.111206
0.790185
0.312106
0.896735
0.052249
0.758331
0.290081
0.035043
0.010431
0.715242
0.031613
0.635530
0.210023
0.316841
0.952091
0.282413
0.194792
0.578942
0.755973
0.107332
0.374045
0.189591
0.187460
0.797060
0.488240
0.021229
0.621071
0.155678
0.425117
0.772324
0.723888
0.558519
0.458125
0.273549
0.935657
0.051796
0.919565
0.003767
0.815392
0.986495
0.510423
0.490548
0.524615
0.258476
0.375987
0.269352
0.980226
0.368857
0.581187
0.842034
0.140294
0.290358
0.016396
0.227446
0.721883
0.999136
0.968084
0.018988
0.114223
0.421624
0.654715
0.689481
0.211621
0.483176
0.495879
0.169147
0.687750
0.562443
0.712815
0.535066
0.530310
0.520019
0.852041
0.033848
0.285087
0.902700
0.950469
0.734912
0.806482
0.754665
0.857012
0.487424
0.379033
0.799796
0.597752
0.556086
0.601239
0.766893
0.132669
0.751608
0.494073
0.751282
0.871629
0.013930
0.773727
0.971895
0.088377
0.040901
0.581776
0.910650
0.071025
0.431387
0.135922
0.945606
0.598515
0.628488
0.008947
0.070921
0.418692
0.880729
0.034121
0.413726
0.863781
0.996631
0.189104
0.169942
0.083592
0.803824
0.751601
0.010812
0.478401
0.095629
0.013562
0.552730
0.512881
0.260902
0.485265
0.779921
0.866407
0.024157
0.462153
0.136783
0.156401
0.489365
0.320574
0.490591
0.662678
0.438990
0.539522
0.054758
0.418251
0.967215
0.469611
0.506476
0.497589
0.116594
0.854841
0.302222
0.137679
0.230259
0.549481
0.062682
0.694691
0.919159
0.133966
0.640828
0.333920
0.291700
0.957330
0.705523
0.098061
0.594014
0.031737
0.690574
0.584829
0.330512
0.783474
0.056261
0.759845
0.231107
0.203125
0.224085
0.481644
0.465198
0.332909
0.392664
0.088467
0.969098
0.349998
0.967017
0.765690
0.253987
0.049173
0.298484
0.987221
0.234874
0.895844
0.130022
0.210597
0.200492
0.376524
0.458813
0.046167
0.064473
0.439834
0.058767
0.049976
0.753240
0.730203
0.634962
0.512649
0.705056
0.387404
0.421393
0.162684
0.585436
0.890691
0.715693
0.813075
0.711846
0.590930
0.065861
0.907048
0.980998
0.766430
0.212417
0.416957
0.040471
0.971430
0.716923
0.914679
0.692684
0.075856
0.344240
0.886640
0.807904
0.342983
0.024042
0.022492
0.456800
0.223935
0.707431
0.516694
0.356167
0.219878
0.003281
0.035689
0.441094
0.366431
0.164157
0.832460
0.822106
0.419904
0.620121
0.557555
0.592491
0.929620
0.699165
0.990972
0.261225
0.587990
0.122554
0.420092
0.897168
0.231371
0.720698
0.699688
0.383247
0.394784
0.456603
0.332671
0.208762
0.623137
0.254866
0.526730
0.097854
0.532380
0.967563
0.687051
0.256819
0.489470
0.418826
0.314341
0.808209
0.547833
0.370933
0.859960
0.310789
0.550390
0.398320
0.442716
0.555803
0.343618
0.370950
0.060809
0.796584
0.224975
0.794551
0.315415
0.220164
0.373812
0.247000
0.403812
0.363291
0.848440
0.395360
0.883479
0.614357
0.700473
0.493585
0.698868
0.995371
0.124671
0.704090
0.042626
0.894969
0.911011
0.276358
0.351290
0.259909
0.391622
0.760735
0.327699
0.212882
0.213242
0.604518
0.448161
0.437123
0.847156
0.318085
0.258954
0.189713
0.824651
0.817585
0.227769
0.173387
0.324322
0.582391
0.321366
0.174477
0.469605
0.596128
0.638380
0.743986
0.758153
0.210833
0.306510
0.790987
0.569987
0.234714
0.560820
0.376623
0.791978
0.022251
0.930210
0.581328
0.501492
0.347125
0.688112
0.225107
0.859172
0.309008
0.787319
0.347656
0.026288
0.176794
0.161167
0.627982
0.803759
0.352733
0.886732
0.177465
0.969428
0.595869
0.003275
0.931323
0.654471
0.329787
0.226731
0.177547
0.504473
0.217748
0.768955
0.298375
0.521072
0.531353
0.052713
0.567230
0.937767
0.683966
0.206584
0.684346
0.806407
0.607363
0.860523
0.365796
0.760246
0.068876
0.574307
0.535804
0.118734
0.687413
0.698956
0.843194
0.504710
0.082921
0.463048
0.883220
0.980018
0.054151
0.349147
0.340421
0.181232
0.801613
0.539627
0.505970
0.991065
0.364643
0.506777
0.302563
0.613419
0.330689
0.934726
0.844759
0.085472
0.712978
0.226298
0.626709
0.577283
0.357614
0.871411
0.963286
0.529944
0.760336
0.260321
0.249580
0.289796
0.640489
0.620162
0.940498
0.634037
0.403131
0.957820
0.437839
0.247834
0.759494
0.935511
0.045493
0.634884
0.233983
0.602403
0.642407
0.907011
0.078918
0.830213
0.499594
0.026484
0.034977
0.662272
0.206795
0.250260
0.611255
0.848981
0.822183
0.019423
0.135892
0.020470
0.226011
0.496822
0.338290
0.175324
0.901553
0.569175
0.215140
0.400815
0.141809
0.739483
0.370678
0.589906
0.953662
0.816170
0.890382
0.000907
0.210993
0.475303
0.560152
0.558807
0.153537
0.129333
0.089875
0.251193
0.516566
0.465215
0.001803
0.220232
0.076490
0.201481
0.370465
0.915128
0.686637
0.603891
0.828534
0.541249
0.681572
0.818508
0.831413
0.866460
0.346174
0.591085
0.247364
0.366068
0.752895
0.559327
0.467708
0.121352
0.574916
0.253863
0.536346
0.521085
0.906469
0.751389
0.587253
0.969913
0.958468
0.278225
0.690450
0.195704
0.250829
0.282642
0.020117
0.312361
0.369005
0.720607
0.950441
0.674201
0.863351
0.607910
0.581149
0.619260
0.212012
0.497253
0.164860
0.117332
0.152854
0.294508
0.918293
0.658069
0.423657
0.399415
0.635002
0.517915
0.617830
0.754878
0.171426
0.285097
0.868280
0.189404
0.934974
0.384973
0.867075
0.895346
0.791167
0.079155
0.923566
0.029864
0.943517
0.246181
0.485679
0.604855
0.807215
0.934564
0.020921
0.069572
0.163665
0.303280
0.514366
0.124050
0.524964
0.144759
0.398084
0.271200
0.250899
0.863573
0.199221
0.894040
0.998524
0.907378
0.373111
0.122710
0.795803
0.972925
0.880635
0.871597
0.960175
0.954994
0.707058
0.257504
0.019945
0.780502
0.089294
0.322583
0.634454
0.135478
0.520503
0.772333
0.290842
0.326497
0.512850
0.487483
0.614742
0.975641
0.470991
0.997291
0.447948
0.769614
0.678210
0.220015
0.163061
0.361953
0.503957
0.514977
0.591449
0.206026
0.668525
0.538288
0.225062
0.794530
0.882763
0.431153
0.530102
0.498815
0.158883
0.100545
0.395426
0.883861
0.306879
0.035289
0.621572
0.742557
0.543978
0.106585
0.272607
0.249085
0.774386
0.309236
0.249580
0.140938
0.309314
0.378913
0.488744
0.865582
0.007267
0.103599
0.403300
0.791683
0.461870
0.708669
0.619633
0.108976
0.938098
0.031620
0.038129
0.128855
0.626043
0.608023
0.887701
0.217062
0.533035
0.288773
0.882467
0.215248
0.084182
0.761766
0.039731
0.690317
0.993682
0.014019
0.242218
0.185550
0.249940
0.457048
0.033761
0.629787
0.173740
0.720867
0.559200
0.856479
0.560034
0.663134
0.382547
0.119745
0.104748
0.960710
0.097973
0.961273
0.709486
0.399751
0.485763
0.120427
0.884934
0.594188
0.037339
0.886696
0.502542
0.062748
0.155667
0.940266
0.982189
0.322546
0.134752
0.295221
0.985886
0.119527
0.432443
0.006028
0.506823
0.562097
0.786007
0.239142
0.909331
0.563267
0.085180
0.390160
0.427428
0.846734
0.183250
0.560503
0.223264
0.355705
0.470868
0.306292
0.066328
0.520633
0.279552
0.093590
0.806719
0.560520
0.416878
0.179376
0.577071
0.944314
0.989838
0.349395
0.120237
0.288321
0.233274
0.130243
0.267500
0.902407
0.567177
0.544109
0.451091
0.109496
0.576765
0.101309
0.169098
0.568309
0.742617
0.725533
0.629524
0.191227
0.505015
0.377217
0.667251
0.407808
0.694760
0.233700
0.164059
0.157152
0.245543
0.085802
0.922809
0.731507
0.308897
0.231749
0.740687
0.735815
0.203688
0.238275
0.625922
0.440803
0.437552
0.534717
0.019119
0.905752
0.751288
0.364357
0.825487
0.165491
0.907934
0.898891
0.322125
0.692063
0.063285
0.582506
0.500470
0.626154
0.117864
0.784599
0.028018
0.239061
0.619612
0.498341
0.817389
0.707900
0.464939
0.329887
0.615057
0.538397
0.948503
0.539337
0.302220
0.127705
0.306027
0.803100
0.937490
0.169820
0.078770
0.225848
0.716198
0.106111
0.988419
0.824418
0.316798
0.980434
0.469225
0.619423
0.555472
0.674659
0.915337
0.323983
0.467737
0.258619
0.036669
0.275034
0.245999
0.250511
0.191360
0.346479
0.718094
0.324554
0.475850
0.204045
0.575947
0.197487
0.858213
0.385053
0.050907
0.298004
0.639159
0.955659
0.603693
0.909535
0.759013
0.550493
0.073682
0.555251
0.209698
0.146297
0.012491
0.567470
0.735894
0.361445
0.677857
0.122779
0.240811
0.957561
0.203083
0.760753
0.137500
0.914773
0.418447
0.959626
0.974441
0.319546
0.145073
0.057944
0.908148
0.394284
0.790801
0.539546
0.212215
0.574517
0.450958
0.891692
0.769489
0.915634
0.176000
0.213219
0.465938
0.113542
0.737493
0.826886
0.003000
0.881900
0.329435
0.955822
0.396336
0.762472
0.137070
0.430314
0.141705
0.905170
0.312897
0.569649
0.470427
0.261492
0.594007
0.305814
0.424349
0.608452
0.647764
0.008320
0.301202
0.202118
0.948159
0.921544
0.420290
0.603733
0.758112
0.703156
0.073340
0.271151
0.955196
0.434331
0.016349
0.710680
0.286554
0.725024
0.688221
0.336964
0.051322
0.437982
0.324076
0.971614
0.810198
0.176178
0.626455
0.846252
0.370708
0.557035
0.626627
0.912296
0.550240
0.417395
0.711330
0.264336
0.590128
0.225464
0.913553
0.854420
0.582790
0.154990
0.481761
0.830937
0.121614
0.590044
0.114513
0.025869
0.071901
0.809164
0.788940
0.290197
0.488627
0.720153
0.048769
0.085978
0.446192
0.428257
0.862446
0.155401
0.227732
0.769873
0.333040
0.383866
0.540571
0.553205
0.046830
0.071198
0.257089
0.648378
0.132506
0.107785
0.672747
0.622059
0.783593
0.618595
0.167555
0.501107
0.219270
0.813570
0.793827
0.656653
0.462054
0.813818
0.868343
0.447523
0.687858
0.706808
0.137638
0.405468
0.272602
0.839369
0.871816
0.346850
0.334973
0.250692
0.218251
0.124960
0.984849
0.584604
0.058654
0.683741
0.889031
0.986018
0.246499
0.351918
0.775911
0.467290
0.926468
0.789669
0.329504
0.287765
0.926449
0.480813
0.894462
0.825185
0.589819
0.010346
0.372406
0.223574
0.566139
0.989108
0.933192
0.786681
0.771784
0.034255
0.348519
0.481812
0.358590
0.900569
0.588039
0.376027
0.020367
0.938066
0.729378
0.094881
0.469892
0.145121
0.245325
0.587431
0.477248
0.670900
0.044549
0.798090
0.565666
0.322401
0.730721
0.081593
0.118790
0.925893
0.194690
0.248819
0.751552
0.805118
0.229386
0.436092
0.351363
0.715035
0.157024
0.308769
0.330755
0.626152
0.201763
0.961813
0.507880
0.111916
0.336920
0.228018
0.467983
0.307119
0.152598
0.051025
0.373673
0.623539
0.836496
0.667230
0.369437
0.527533
0.360036
0.844364
0.103098
0.386128
0.531470
0.998063
0.248210
0.686775
0.734297
0.276513
0.244271
0.881062
0.059817
0.090425
0.721127
0.552129
0.524738
0.158090
0.524707
0.236261
0.085689
0.309704
0.141971
0.225125
0.190872
0.349723
0.998573
0.287763
0.158479
0.962690
0.290079
0.123800
0.574352
0.480154
0.229879
0.897785
0.341600
0.313652
0.711575
0.738266
0.840406
0.434961
0.955514
0.113882
0.814577
0.457975
0.318566
0.120057
0.099116
0.075659
0.460771
0.952265
0.974839
0.599627
0.749294
0.718903
0.788168
0.681442
0.034266
0.175692
0.594289
0.144018
0.090589
0.933303
0.450263
0.124664
0.012966
0.909452
0.279660
0.532303
0.022716
0.330037
0.900582
0.474888
0.495324
0.935403
0.839632
0.995937
0.250301
0.846838
0.228508
0.666841
0.319259
0.739336
0.138746
0.306013
0.331913
0.463577
0.710029
0.161600
0.861937
0.889965
0.943650
0.182933
0.110427
0.524030
0.277854
0.259576
0.177504
0.721545
0.806043
0.694185
0.129762
0.235303
0.845944
0.883289
0.660475
0.975625
0.615154
0.759331
0.688247
0.620303
0.814803
0.142234
0.414303
0.228555
0.074246
0.104488
0.902342
0.519912
0.179739
0.693639
0.721379
0.986289
0.222157
0.638795
0.780588
0.349679
0.564402
0.022815
0.009033
0.797373
0.122969
0.174250
0.967316
0.398043
0.093745
0.631906
0.354878
0.998223
0.540523
0.438575
0.647679
0.155227
0.864037
0.141727
0.299448
0.336457
0.755961
0.961348
0.747799
0.255108
0.823350
0.732048
0.921846
0.823706
0.623743
0.533341
0.272414
0.491800
0.041292
0.116844
0.644466
0.346377
0.512023
0.355768
0.057222
0.575652
0.678840
0.495394
0.046153
0.824508
0.179707
0.572698
0.312192
0.276212
0.838995
0.783267
0.392228
0.454841
0.306995
0.455835
0.183840
0.186053
0.421675
0.176948
0.130719
0.177770
0.582220
0.056862
0.086497
0.834469
0.430057
0.194902
0.940734
0.235472
0.393710
0.763065
0.639589
0.970213
0.306280
0.072976
0.026144
0.332471
0.850888
0.096638
0.281371
0.202951
0.987351
0.099963
0.882539
0.012482
0.517319
0.487894
0.296322
0.709297
0.912959
0.228398
0.432038
0.267731
0.475734
0.063634
0.436286
0.986553
0.793791
0.489059
0.002357
0.323935
0.577608
0.406930
0.609876
0.968709
0.674181
0.551179
0.995129
0.834302
0.785815
0.369475
0.946681
0.957779
0.984225
0.015041
0.756805
0.021331
0.338043
0.829159
0.545882
0.726889
0.871553
0.831919
0.440048
0.599763
0.386936
0.394058
0.869631
0.839584
0.421806
0.754869
0.580456
0.126347
0.315112
0.550384
0.472589
0.166288
0.812530
0.034060
0.306684
0.652859
0.582976
0.342787
0.320497
0.035789
0.809638
0.923512
0.921888
0.492225
0.299670
0.327430
0.462566
0.798952
0.034076
0.685150
0.140765
0.035748
0.281270
0.342270
0.601792
0.691026
0.954792
0.063247
0.840743
0.796754
0.674501
0.943909
0.986220
0.968278
0.159238
0.981679
0.521592
0.045980
0.981826
0.346772
0.551112
0.182989
0.098032
0.990771
0.370971
0.585184
0.081574
0.427353
0.969978
0.015479
0.484471
0.590543
0.239653
0.055588
0.469193
0.914217
0.508873
0.460771
0.506330
0.761387
0.482378
0.085124
0.523914
0.650075
0.979693
0.969932
0.396400
0.662967
0.174365
0.200706
0.234551
0.772568
0.121323
0.712493
0.123021
0.181110
0.289675
0.491804
0.653353
0.963313
0.342151
0.726667
0.729414
0.876072
0.837496
0.007929
0.451307
0.473104
0.799521
0.823601
0.643535
0.431696
0.948824
0.809496
0.435111
0.328854
0.965200
0.321208
0.784741
0.307883
0.790335
0.399998
0.715767
0.980528
0.166232
0.016137
0.927073
0.154881
0.401139
0.916107
0.121657
0.068433
0.475591
0.643557
0.710733
0.722904
0.366242
0.668033
0.047259
0.546888
0.484103
0.429140
0.014375
0.461071
0.233943
0.027755
0.426070
0.186247
0.295709
0.773913
0.981370
0.042561
0.880660
0.742968
0.383826
0.918124
0.047607
0.642323
0.199642
0.354888
0.195964
0.009673
0.656359
0.528494
0.146846
0.574693
0.309451
0.575696
0.985600
0.304773
0.923035
0.963131
0.843646
0.582438
0.929632
0.065582
0.067413
0.126727
0.595656
0.761008
0.097760
0.537406
0.024160
0.950142
0.179548
0.436401
0.909486
0.260960
0.203115
0.653056
0.364194
0.839409
0.595462
0.540652
0.281379
0.809873
0.114060
0.074504
0.926372
0.524258
0.779122
0.762811
0.996201
0.067564
0.347447
0.382565
0.600655
0.763334
0.122240
0.998474
0.929440
0.304078
0.455559
0.113185
0.476037
0.329758
0.048787
0.760108
0.424349
0.675503
0.027661
0.338369
0.223163
0.022723
0.706456
0.187398
0.116183
0.006783
0.995057
0.485686
0.249623
0.949807
0.058470
0.154808
0.528998
0.979454
0.086015
0.744621
0.861761
0.467586
0.342558
0.579489
0.666613
0.097210
0.443451
0.096434
0.081976
0.548773
0.089975
0.048513
0.551756
0.858058
0.059073
0.295728
0.982764
0.174826
0.408940
0.361841
0.323980
0.524114
0.826562
0.070199
0.305067
0.574757
0.992003
0.227846
0.813480
0.499881
0.432231
0.781582
0.715145
0.984995
0.517006
0.842190
0.138923
0.905998
0.201241
0.010758
0.389359
0.494021
0.318357
0.823719
0.243501
0.580836
0.073130
0.717692
0.511918
0.700600
0.264277
0.587987
0.158740
0.994831
0.582696
0.997851
0.286555
0.347362
0.985919
0.894019
0.521118
0.655533
0.566324
0.490893
0.775826
0.740468
0.223457
0.984706
0.192063
0.006043
0.088738
0.348257
0.980425
0.173110
0.097476
0.827455
0.827100
0.455821
0.918887
0.438798
0.190237
0.252453
0.279294
0.785160
0.362048
0.028404
0.684455
0.852885
0.031203
0.807923
0.747699
0.665500
0.197237
0.201220
0.018088
0.957591
0.545726
0.700691
0.426596
0.943792
0.372572
0.138989
0.433411
0.542991
0.319079
0.834388
0.647584
0.389745
0.648662
0.740471
0.652248
0.849795
0.854620
0.669328
0.400235
0.845097
0.251952
0.870516
0.380019
0.862704
0.032767
0.522173
0.368514
0.037904
0.055680
0.329511
0.490189
0.323145
0.884853
0.305994
0.590094
0.415275
0.861169
0.484265
0.618732
0.127584
0.419812
0.534723
0.010474
0.184538
0.846721
0.723180
0.535764
0.646033
0.795503
0.035268
0.633247
0.073406
0.062794
0.251886
0.390745
0.850164
0.113015
0.849986
0.902531
0.651779
0.640237
0.394694
0.580353
0.472294
0.383745
0.803070
0.381808
0.343832
0.201910
0.925145
0.081964
0.369631
0.799424
0.619908
0.709603
0.832588
0.184987
0.656684
0.466761
0.038119
0.254679
0.296767
0.061736
0.317352
0.326885
0.718784
0.749219
0.756088
0.314579
0.960347
0.430384
0.003768
0.213412
0.960002
0.676695
0.483705
0.344509
0.382047
0.432988
0.812231
0.817639
0.713252
0.078020
0.335287
0.817472
0.770210
0.416645
0.984960
0.607580
0.319817
0.630460
0.434101
0.505528
0.352776
0.988025
0.015083
0.251257
0.583667
0.135335
0.152715
0.132649
0.228044
0.682512
0.306754
0.845343
0.813483
0.577320
0.378761
0.183815
0.386143
0.132740
0.376001
0.300458
0.660079
0.550677
0.044167
0.841537
0.331363
0.198747
0.382291
0.894054
0.021746
0.691382
0.577713
0.013518
0.742078
0.384387
0.452379
0.195581
0.848952
0.669549
0.046541
0.395386
0.391261
0.367886
0.224359
0.330205
0.712159
0.576644
0.668026
0.079908
0.114160
0.273841
0.678808
0.806974
0.227154
0.769566
0.526391
0.468188
0.697291
0.905483
0.268730
0.795115
0.813244
0.116646
0.393676
0.168079
0.857415
0.431570
0.460557
0.886564
0.063537
0.063477
0.112140
0.248669
0.147532
0.187697
0.503569
0.350700
0.029054
0.883262
0.994545
0.364171
0.545965
0.264357
0.865570
0.830073
0.920177
0.606694
0.534016
0.307053
0.220620
0.765170
0.974282
0.428230
0.157573
0.900698
0.583653
0.336151
0.049338
0.158043
0.710688
0.393808
0.726877
0.053299
0.138240
0.760874
0.500691
0.380746
0.698839
0.666907
0.314880
0.867164
0.254612
0.963314
0.668697
0.312862
0.115790
0.635894
0.255394
0.386374
0.666498
0.326822
0.988070
0.901126
0.912974
0.688483
0.767279
0.513844
0.691934
0.681157
0.368588
0.072575
0.064914
0.394485
0.442772
0.208978
0.863812
0.418423
0.444404
0.499087
0.855608
0.492331
0.104528
0.757291
0.474347
0.866222
0.720629
0.025292
0.716657
0.466806
0.805522
0.777238
0.425764
0.647453
0.499423
0.097822
0.155448
0.710593
0.853908
0.489320
0.726104
0.115041
0.593970
0.691971
0.026260
0.252859
0.624675
0.242400
0.732368
0.339218
0.612990
0.551058
0.310436
0.832647
0.350428
0.796529
0.013888
0.876573
0.834771
0.746333
0.218510
0.983493
0.605493
0.731711
0.217706
0.206936
0.997897
0.858254
0.878795
0.811991
0.515553
0.051844
0.889658
0.547259
0.178916
0.773165
0.391081
0.590711
0.865843
0.263769
0.493073
0.374294
0.065125
0.022348
0.331395
0.074062
0.844245
0.143403
0.038527
0.744723
0.043042
0.956610
0.465809
0.377945
0.447441
0.093356
0.146175
0.365393
0.230976
0.749724
0.626319
0.563708
0.178821
0.554525
0.560752
0.402538
0.471321
0.802409
0.096399
0.397710
0.102027
0.859522
0.296454
0.223014
0.760398
0.892684
0.497653
0.758349
0.136484
0.799425
0.391424
0.409483
0.114877
0.596542
0.998400
0.009454
0.979845
0.681001
0.577081
0.106795
0.001586
0.739199
0.409332
0.799872
0.001892
0.774139
0.427780
0.220846
0.074809
0.811250
0.845959
0.308117
0.873753
0.217373
0.758755
0.875469
0.857160
0.923883
0.648467
0.093309
0.872637
0.415679
0.795140
0.120207
0.021266
0.050295
0.067803
0.441584
0.737478
0.005943
0.117871
0.980220
0.589920
0.188120
0.829609
0.774300
0.215282
0.458079
0.903628
0.355076
0.684425
0.798604
0.067584
0.588800
0.394053
0.736332
0.061429
0.197621
0.331626
0.361451
0.610179
0.168115
0.712946
0.106390
0.857541
0.779301
0.404845
0.874402
0.888031
0.844396
0.030671
0.625449
0.265805
0.262098
0.006793
0.280382
0.814911
0.039151
0.671260
0.690526
0.006210
0.072939
0.029496
0.968723
0.615771
0.479566
0.418177
0.003335
0.403431
0.460842
0.467600
0.145567
0.116005
0.334452
0.200070
0.008676
0.700276
0.894450
0.809718
0.161694
0.331673
0.376881
0.074863
0.516480
0.673112
0.238592
0.511761
0.927426
0.680924
0.997529
0.149003
0.521665
0.673296
0.332435
0.691251
0.009750
0.272116
0.512978
0.482662
0.935137
0.300531
0.373782
0.903694
0.404460
0.637884
0.591955
0.022539
0.865039
0.130037
0.236325
0.846499
0.942972
0.587150
0.327332
0.532635
0.524297
0.989425
0.584617
0.966169
0.635349
0.847530
0.190209
0.054570
0.775051
0.942763
0.945490
0.988435
0.323420
0.497866
0.203544
0.205784
0.275020
0.387662
0.121437
0.847506
0.038495
0.326802
0.684760
