0.186489
0.156519
0.017291
0.814602
0.024976
0.507059
0.250254
0.222820
0.684131
0.281924
0.248456
0.088245
0.154389
0.656240
0.951399
0.305582
0.529251
0.521501
0.167137
0.353386
0.014032
0.177534
0.255917
0.590666
0.760049
0.618820
0.066425
0.064234
0.572500
0.162450
0.781332
0.721838
0.143121
0.966266
0.400526
0.727236
0.706226
0.012763
0.473426
0.619956
0.755824
0.555931
0.098547
0.508675
0.529248
0.364753
0.599778
0.736810
0.511635
0.607871
0.505780
0.887096
0.644428
0.661284
0.061597
0.426441
0.537698
0.950866
0.750368
0.452475
0.344610
0.468922
0.500982
0.541010
0.315658
0.847930
0.361010
0.448163
0.643477
0.477973
0.685625
0.773427
0.965571
0.068590
0.844711
0.484783
0.812781
0.656140
0.853856
0.248414
0.010949
0.560644
0.177138
0.928072
0.501166
0.719735
0.295397
0.605422
0.015399
0.650158
0.274760
0.361616
0.543841
0.972444
0.078946
0.440167
0.708001
0.737538
0.060512
0.885771
0.886780
0.914152
0.963383
0.546064
0.539282
0.661069
0.402312
0.831647
0.005144
0.207741
0.178026
0.526749
0.390222
0.573230
0.524403
0.843444
0.749187
0.205584
0.935588
0.300258
0.197772
0.086249
0.086547
0.099636
0.505529
0.606679
0.333260
0.257570
0.331052
0.784199
0.599012
0.926001
0.741987
0.890473
0.702350
0.471667
0.899575
0.774826
0.096426
0.496021
0.511994
0.117371
0.078673
0.625178
0.076928
0.750357
0.518172
0.794654
0.766860
0.143358
0.139908
0.510229
0.651289
0.973965
0.786135
0.381251
0.307473
0.630122
0.288494
0.208230
0.876870
0.803300
0.905646
0.263157
0.317268
0.475676
0.055082
0.490647
0.798404
0.427977
0.347423
0.237193
0.088213
0.856915
0.675081
0.120844
0.335892
0.568375
0.304982
0.738670
0.463321
0.193352
0.747341
0.679763
0.810235
0.812878
0.544750
0.434514
0.260351
0.413856
0.263438
0.022705
0.971526
0.190779
0.232864
0.194725
0.641696
0.023592
0.134531
0.278524
0.322380
0.170749
0.557461
0.678647
0.286443
0.464827
0.389385
0.315397
0.405590
0.481153
0.642582
0.844152
0.436770
0.541153
0.528467
0.066635
0.990422
0.360896
0.828643
0.056917
0.061819
0.791644
0.467942
0.826879
0.237198
0.114559
0.042468
0.446517
0.833323
0.540550
0.842320
0.013512
0.397625
0.747521
0.060023
0.176878
0.728525
0.357957
0.364366
0.404645
0.331725
0.902168
0.590363
0.823581
0.872704
0.734971
0.956070
0.981103
0.829883
0.404222
0.137808
0.579876
0.231948
0.666588
0.451645
0.085182
0.056191
0.514993
0.232129
0.453120
0.924277
0.547064
0.301885
0.007965
0.733632
0.582559
0.667274
0.708245
0.183196
0.164101
0.661991
0.658697
0.458728
0.238280
0.233337
0.189116
0.056673
0.511872
0.845775
0.407315
0.710337
0.904660
0.866641
0.601375
0.873962
0.390675
0.928330
0.341434
0.232528
0.827894
0.723757
0.804248
0.810893
0.062481
0.396680
0.598093
0.319609
0.923088
0.115335
0.689508
0.570870
0.294079
0.322406
0.371155
0.165942
0.904472
0.390761
0.175274
0.154716
0.605870
0.677867
0.345854
0.610333
0.365488
0.851745
0.050315
0.156389
0.373556
0.666530
0.501104
0.754665
0.943517
0.903998
0.372304
0.101620
0.265311
0.060604
0.139119
0.315192
0.118001
0.499608
0.485803
0.217794
0.523369
0.036160
0.544395
0.000188
0.475880
0.426101
0.719246
0.784805
0.250463
0.995580
0.622195
0.462405
0.872012
0.753932
0.654504
0.688925
0.730150
0.096990
0.564944
0.979571
0.211338
0.317204
0.469250
0.028768
0.261802
0.232036
0.850750
0.786471
0.891153
0.689472
0.936922
0.082501
0.641707
0.801459
0.610145
0.889608
0.425644
0.331070
0.371583
0.123093
0.670950
0.878909
0.292260
0.071505
0.150065
0.717800
0.412695
0.535161
0.963615
0.574175
0.335620
0.906663
0.182404
0.016552
0.189026
0.261567
0.804124
0.693645
0.213718
0.584727
0.736629
0.782323
0.702305
0.608756
0.194121
0.012049
0.572797
0.446368
0.422863
0.282921
0.565832
0.059199
0.218080
0.272685
0.908067
0.061273
0.599404
0.056555
0.493607
0.298187
0.657861
0.515129
0.879807
0.708749
0.672919
0.747897
0.820934
0.837583
0.107814
0.396428
0.304881
0.689014
0.548746
0.669279
0.514337
0.476829
0.866860
0.719463
0.625136
0.727202
0.434879
0.846863
0.475962
0.745534
0.301490
0.427554
0.845390
0.583000
0.959997
0.695419
0.963380
0.146263
0.178516
0.333910
0.875978
0.063710
0.034427
0.881371
0.771173
0.086308
0.615622
0.267916
0.757354
0.874117
0.613642
0.051494
0.582370
0.351221
0.553222
0.282930
0.334071
0.164525
0.209692
0.017645
0.552653
0.356372
0.087576
0.034417
0.125749
0.712922
0.052478
0.857554
0.691320
0.929298
0.062517
0.428903
0.625304
0.514319
0.787908
0.743165
0.390521
0.251238
0.451547
0.867782
0.853085
0.821237
0.795369
0.893591
0.394314
0.748268
0.144624
0.511320
0.418475
0.750305
0.677774
0.410726
0.789891
0.090940
0.299493
0.750230
0.350788
0.981949
0.023817
0.079853
0.157010
0.553105
0.839013
0.132050
0.359797
0.825735
0.308330
0.191849
0.099983
0.101675
0.415148
0.480985
0.343287
0.414324
0.124053
0.158340
0.608104
0.942952
0.523097
0.707273
0.962617
0.374704
0.446828
0.901429
0.838358
0.763024
0.678673
0.274516
0.532371
0.764091
0.663312
0.233512
0.698133
0.612534
0.735733
0.493288
0.995503
0.487039
0.701742
0.294331
0.646593
0.729476
0.030335
0.075188
0.335981
0.553721
0.252386
0.181788
0.147989
0.776396
0.042956
0.388171
0.607245
0.576989
0.178425
0.318652
0.790081
0.160340
0.857534
0.827427
0.061644
0.645018
0.958337
0.401850
0.489141
0.679415
0.987697
0.347785
0.927285
0.422311
0.864009
0.961511
0.213476
0.492763
0.632085
0.626636
0.820983
0.194441
0.719641
0.690369
0.986628
0.635717
0.886345
0.925126
0.187101
0.484887
0.914860
0.908052
0.452194
0.878199
0.665861
0.933859
0.842020
0.743405
0.892481
0.157452
0.050061
0.042637
0.727403
0.408696
0.131410
0.388377
0.220277
0.934513
0.283633
0.410871
0.761535
0.786261
0.382548
0.458784
0.628283
0.803453
0.524623
0.971189
0.902300
0.874542
0.160131
0.043478
0.493797
0.036947
0.801216
0.321836
0.413926
0.085265
0.678906
0.971528
0.804059
0.163414
0.450125
0.904682
0.217939
0.689574
0.806064
0.499364
0.755856
0.702995
0.224846
0.124810
0.138865
0.804554
0.026103
0.286577
0.104600
0.927571
0.907010
0.763561
0.059316
0.681889
0.699927
0.398684
0.120505
0.248846
0.720802
0.313478
0.323432
0.452503
0.416849
0.416218
0.771099
0.833508
0.506189
0.543596
0.096687
0.576484
0.959420
0.872427
0.100458
0.299778
0.846379
0.763435
0.069989
0.134028
0.756900
0.389198
0.109375
0.894205
0.558275
0.354609
0.403376
0.978979
0.572845
0.683553
0.914569
0.729324
0.591204
0.894508
0.237071
0.389215
0.083146
0.984757
0.869487
0.718656
0.581214
0.042178
0.228070
0.066683
0.414151
0.004141
0.627794
0.060631
0.000126
0.989328
0.547861
0.943027
0.009486
0.011130
0.354640
0.162527
0.958868
0.920056
0.473525
0.844005
0.732665
0.856530
0.104184
0.914985
0.649088
0.859617
0.187269
0.876274
0.887669
0.230971
0.581121
0.265166
0.721257
0.841919
0.067345
0.342750
0.385057
0.481582
0.833574
0.558149
0.365282
0.855515
0.035952
0.563359
0.672423
0.559928
0.566797
0.632336
0.974451
0.763546
0.545210
0.350481
0.128227
0.765303
0.803671
0.932125
0.182562
0.040801
0.190409
0.526481
0.773170
0.046673
0.795465
0.278869
0.147409
0.480516
0.600278
0.624429
0.529549
0.521066
0.604378
0.593586
0.064541
0.437573
0.280646
0.060241
0.296602
0.537387
0.282649
0.674637
0.096071
0.642059
0.525793
0.759442
0.465668
0.777450
0.333041
0.538695
0.801117
0.876935
0.816268
0.611887
0.434909
0.038109
0.279280
0.217873
0.374999
0.435674
0.938929
0.142875
0.038862
0.962419
0.038750
0.909911
0.325973
0.264564
0.290240
0.831625
0.227916
0.521023
0.257488
0.086491
0.398743
0.664616
0.767039
0.307501
0.269223
0.462424
0.740173
0.346292
0.603581
0.784009
0.012543
0.094640
0.482957
0.325098
0.375714
0.689542
0.001899
0.341717
0.917367
0.257740
0.574968
0.243899
0.764726
0.770098
0.377494
0.235553
0.927818
0.237753
0.256427
0.075553
0.452205
0.402375
0.212319
0.049229
0.304385
0.165686
0.575685
0.539106
0.871581
0.771418
0.651665
0.926387
0.048235
0.555905
0.637321
0.663036
0.220369
0.324074
0.922848
0.372873
0.573885
0.652948
0.277124
0.492762
0.316393
0.021248
0.429063
0.839222
0.069749
0.012796
0.386872
0.287969
0.943917
0.391262
0.734780
0.708158
0.928953
0.907272
0.785992
0.504133
0.918123
0.350234
0.415330
0.869131
0.701835
0.937647
0.580862
0.544358
0.446025
0.454647
0.862680
0.353933
0.584805
0.979303
0.582791
0.135812
0.381126
0.783256
0.210008
0.234636
0.152891
0.188813
0.251138
0.927664
0.380157
0.916885
0.218229
0.119282
0.648633
0.851329
0.158903
0.302245
0.973839
0.507518
0.503742
0.872050
0.715301
0.696262
0.948404
0.870368
0.566602
0.566383
0.485289
0.484944
0.033493
0.804081
0.152157
0.562791
0.608005
0.524772
0.473521
0.776063
0.718459
0.534854
0.576469
0.537966
0.433350
0.197101
0.749849
0.053202
0.086319
0.421959
0.242112
0.472185
0.947129
0.358939
0.481883
0.869504
0.283041
0.634387
0.265444
0.814524
0.216874
0.724719
0.749692
0.119398
0.384732
0.098981
0.364873
0.772151
0.392112
0.744708
0.343219
0.930174
0.316474
0.582434
0.764279
0.540490
0.310417
0.753892
0.818849
0.628982
0.274303
0.706292
0.398183
0.619473
0.207444
0.003406
0.615440
0.750452
0.169694
0.886712
0.748267
0.391132
0.800054
0.723829
0.656665
0.333728
0.435873
0.211597
0.765815
0.041237
0.452393
0.406630
0.123028
0.769845
0.839525
0.477833
0.931696
0.636712
0.605046
0.663034
0.240522
0.008738
0.928096
0.867262
0.195051
0.009430
0.721313
0.134252
0.368945
0.215038
0.212269
0.616606
0.381020
0.592059
0.020878
0.686554
0.596446
0.880601
0.370837
0.998464
0.499252
0.858024
0.347262
0.695821
0.859137
0.434777
0.228458
0.466487
0.982762
0.602398
0.340372
0.374918
0.741714
0.241598
0.019451
0.553216
0.381702
0.078741
0.589578
0.287719
0.118689
0.223605
0.594991
0.384795
0.449179
0.431515
0.720076
0.526582
0.889244
0.468689
0.479369
0.432444
0.778687
0.257784
0.967213
0.381386
0.573961
0.699637
0.400775
0.212289
0.407032
0.380941
0.759334
0.627231
0.973440
0.192818
0.063390
0.999317
0.513318
0.431301
0.398835
0.477757
0.656996
0.775846
0.613668
0.050073
0.426509
0.627187
0.169239
0.969893
0.966089
0.749089
0.034043
0.204074
0.344614
0.373159
0.993532
0.167754
0.541961
0.618676
0.340927
0.974671
0.697800
0.830244
0.660488
0.145249
0.030787
0.531602
0.385478
0.935861
0.000214
0.321241
0.048825
0.232249
0.692843
0.865701
0.382371
0.352178
0.630597
0.797974
0.411493
0.607872
0.950549
0.366732
0.008215
0.062418
0.007782
0.765802
0.459478
0.431479
0.574142
0.722463
0.024646
0.815518
0.601057
0.738347
0.332507
0.626209
0.244244
0.228190
0.114212
0.426295
0.305946
0.120414
0.737644
0.273246
0.883388
0.651672
0.851896
0.714017
0.575184
0.582039
0.559882
0.591412
0.251944
0.332712
0.912253
0.690018
0.064442
0.201011
0.713770
0.456644
0.809139
0.360832
0.120343
0.399157
0.582894
0.716318
0.606040
0.448599
0.637511
0.268158
0.925883
0.324651
0.677561
0.673849
0.334627
0.067161
0.715060
0.156319
0.348401
0.432598
0.183763
0.899596
0.840067
0.322199
0.389751
0.112394
0.125500
0.536615
0.537336
0.618737
0.169565
0.435105
0.867358
0.993869
0.027138
0.723052
0.404096
0.131604
0.824646
0.245877
0.383514
0.926013
0.389365
0.897624
0.908190
0.225255
0.524251
0.536884
0.176393
0.563852
0.257420
0.880679
0.301414
0.873703
0.134446
0.419387
0.248438
0.994843
0.862542
0.045558
0.097581
0.436475
0.013494
0.770153
0.274290
0.898744
0.601599
0.273465
0.542244
0.509980
0.821284
0.331545
0.230305
0.959036
0.534974
0.275572
0.674341
0.315816
0.785315
0.213358
0.548542
0.868080
0.655936
0.235922
0.745035
0.035119
0.015718
0.618920
0.999026
0.164596
0.677494
0.306515
0.695129
0.811153
0.475724
0.109224
0.027269
0.787766
0.624159
0.365946
0.715275
0.702967
0.205339
0.946088
0.604816
0.722446
0.605107
0.627073
0.557886
0.349131
0.206029
0.699896
0.126763
0.206606
0.809636
0.352546
0.401356
0.997776
0.151232
0.275264
0.734148
0.924105
0.966949
0.847115
0.698827
0.345559
0.222321
0.203036
0.171269
0.910815
0.909627
0.959066
0.612849
0.579976
0.267271
0.943726
0.145634
0.050829
0.608848
0.187148
0.685988
0.809689
0.919024
0.872262
0.957990
0.867858
0.953969
0.293773
0.813377
0.324492
0.833961
0.293121
0.863661
0.657210
0.518831
0.016448
0.357407
0.983018
0.743051
0.433546
0.811630
0.695480
0.668007
0.945037
0.769155
0.938759
0.756169
0.981129
0.155777
0.200788
0.165398
0.715368
0.188087
0.232208
0.403002
0.776157
0.056247
0.012980
0.553342
0.885450
0.021067
0.388360
0.909915
0.307608
0.253606
0.390796
0.942619
0.255442
0.596958
0.524219
0.510180
0.334004
0.355349
0.940841
0.242112
0.916833
0.870930
0.162855
0.891133
0.802214
0.667070
0.788572
0.578405
0.625290
0.092284
0.430959
0.516964
0.807414
0.644230
0.965489
0.130997
0.336340
0.594657
0.833136
0.125938
0.558025
0.304684
0.725388
0.689595
0.172197
0.414539
0.245989
0.647125
0.800428
0.259947
0.923286
0.798536
0.317158
0.069353
0.511869
0.973944
0.389178
0.224408
0.974937
0.260161
0.928783
0.957402
0.392952
0.500194
0.609376
0.425308
0.811621
0.919102
0.002301
0.691084
0.384242
0.775979
0.050665
0.215453
0.552517
0.744636
0.456390
0.916866
0.244008
0.001786
0.407123
0.865285
0.779869
0.308132
0.022931
0.919090
0.543020
0.418236
0.419821
0.990551
0.870836
0.407557
0.637256
0.440184
0.625744
0.948649
0.879376
0.913767
0.770493
0.169896
0.723455
0.861747
0.871146
0.749762
0.044494
0.370769
0.053900
0.860767
0.152487
0.267861
0.972158
0.982055
0.359123
0.195069
0.952029
0.905852
0.038311
0.849932
0.081958
0.189554
0.434756
0.940785
0.511545
0.365045
0.250900
0.758498
0.827330
0.171289
0.301686
0.782024
0.574739
0.732935
0.055118
0.372862
0.252024
0.362628
0.494516
0.725968
0.447365
0.870444
0.651230
0.570862
0.436181
0.060699
0.795483
0.918808
0.501705
0.598944
0.590252
0.543786
0.759094
0.444620
0.972982
0.258948
0.804851
0.472555
0.103249
0.043816
0.578473
0.742809
0.588746
0.479161
0.127832
0.097369
0.894999
0.720134
0.619427
0.864607
0.469100
0.504664
0.035408
0.387082
0.279070
0.645777
0.128856
0.639274
0.021977
0.009840
0.766101
0.660648
0.214712
0.068236
0.726669
0.328704
0.523076
0.769888
0.260379
0.951869
0.329045
0.673550
0.619820
0.905770
0.246807
0.319533
0.773075
0.756230
0.850728
0.816755
0.196092
0.326382
0.414144
0.466297
0.211862
0.311182
0.898009
0.630239
0.805346
0.951004
0.249108
0.038750
0.811907
0.888537
0.975580
0.851804
0.414105
0.065670
0.709273
0.867453
0.145500
0.565954
0.046584
0.999607
0.958836
0.222293
0.185131
0.262333
0.630852
0.428343
0.829022
0.932764
0.312892
0.607833
0.543544
0.554239
0.349467
0.316703
0.437997
0.921324
0.377699
0.273968
0.731138
0.448472
0.063332
0.353465
0.821746
0.205715
0.840101
0.537535
0.452080
0.627575
0.190277
0.804144
0.817148
0.237256
0.104089
0.229013
0.203963
0.581011
0.882839
0.068987
0.697475
0.492454
0.343171
0.705564
0.484511
0.462441
0.571834
0.537583
0.930480
0.036406
0.791702
0.978134
0.418980
0.082168
0.212488
0.224838
0.793892
0.118736
0.684758
0.733050
0.634758
0.440575
0.624199
0.011874
0.695508
0.208802
0.378820
0.339580
0.973228
0.466628
0.247716
0.740523
0.428869
0.034528
0.568403
0.246627
0.986032
0.491498
0.815883
0.891266
0.169309
0.048398
0.559401
0.033100
0.545408
0.977788
0.579306
0.023256
0.118520
0.419331
0.495963
0.569205
0.140436
0.258640
0.057113
0.001967
0.283652
0.964351
0.365984
0.511284
0.995813
0.324118
0.797060
0.501611
0.001877
0.223299
0.731507
0.432949
0.590670
0.396606
0.333571
0.624582
0.070337
0.125358
0.699951
0.089350
0.462787
0.044893
0.988618
0.576988
0.789471
0.882857
0.770375
0.832792
0.207988
0.190603
0.738556
0.145217
0.070177
0.202419
0.735343
0.990219
0.167379
0.018823
0.389655
0.167432
0.825100
0.827893
0.600151
0.954737
0.581183
0.245735
0.398674
0.048183
0.293974
0.796013
0.479855
0.677649
0.213747
0.068495
0.424978
0.494181
0.081494
0.595609
0.678492
0.787825
0.133516
0.058504
0.356394
0.931700
0.020879
0.996164
0.442730
0.423291
0.377783
0.943916
0.457150
0.245238
0.297464
0.099799
0.134613
0.881604
0.799158
0.589944
0.528806
0.495497
0.086844
0.290520
0.155143
0.994241
0.122108
0.313578
0.651036
0.988683
0.606810
0.056852
0.202394
0.033864
0.960319
0.033262
0.235732
0.804220
0.831730
0.157421
0.531446
0.203400
0.301819
0.941524
0.802945
0.996510
0.696213
0.345242
0.796045
0.414589
0.478551
0.896173
0.998684
0.994650
0.305089
0.523349
0.793585
0.011408
0.744926
0.705357
0.943018
0.414069
0.939312
0.240336
0.389427
0.417463
0.910654
0.221419
0.441018
0.465735
0.942378
0.603167
0.678204
0.497339
0.648420
0.725861
0.498987
0.390631
0.945278
0.359097
0.579652
0.643556
0.417405
0.652352
0.994032
0.301721
0.533502
0.408809
0.022456
0.215393
0.327904
0.292714
0.390151
0.892417
0.917085
0.142019
0.785937
0.391164
0.720105
0.361927
0.530775
0.753835
0.742075
0.117842
0.917250
0.830131
0.170312
0.499697
0.604019
0.359811
0.164252
0.213933
0.367852
0.327521
0.053005
0.948985
0.112349
0.405810
0.831527
0.366971
0.202070
0.582750
0.928705
0.050867
0.573317
0.025294
0.461147
0.892267
0.106175
0.928315
0.363933
0.968212
0.636797
0.203203
0.241256
0.662402
0.813425
0.247093
0.152655
0.390014
0.941910
0.369251
0.194876
0.654604
0.887873
0.274899
0.343728
0.277802
0.486607
0.085558
0.775048
0.583867
0.808414
0.791400
0.311061
0.957458
0.728541
0.280928
0.225575
0.811075
0.901816
0.806379
0.531484
0.967222
0.156608
0.922996
0.551531
0.554427
0.080428
0.900350
0.558972
0.170439
0.036559
0.636651
0.712367
0.314197
0.307852
0.584976
0.773065
0.086710
0.939736
0.686099
0.308400
0.297761
0.136915
0.052873
0.010755
0.908255
0.922275
0.015681
0.851327
0.911609
0.440714
0.621171
0.422791
0.785301
0.446254
0.643345
0.100177
0.807445
0.374549
0.784757
0.107363
0.450048
0.448906
0.062680
0.269669
0.500562
0.206424
0.537996
0.870748
0.788805
0.594829
0.917175
0.513313
0.764900
0.753506
0.520730
0.058967
0.234333
0.907315
0.700204
0.642817
0.639714
0.279179
0.136181
0.385138
0.590305
0.993306
0.612190
0.506753
0.933303
0.800220
0.665702
0.636662
0.490830
0.623419
0.038731
0.797199
0.930492
0.514877
0.140006
0.119450
0.327446
0.098506
0.338014
0.146709
0.687208
0.100441
0.363824
0.550968
0.538939
0.943141
0.457360
0.167731
0.095370
0.648576
0.722225
0.859743
0.455600
0.450490
0.762917
0.567259
0.406204
0.872293
0.234086
0.297975
0.971410
0.878444
0.716114
0.834408
0.238629
0.380723
0.939516
0.906887
0.808809
0.362190
0.496108
0.952506
0.178738
0.772356
0.834170
0.051365
0.050165
0.154830
0.339022
0.837933
0.151644
0.943477
0.776918
0.035229
0.172929
0.275814
0.229939
0.524288
0.642584
0.905920
0.821475
0.356036
0.220062
0.621900
0.312301
0.448579
0.719718
0.424308
0.644080
0.730131
0.580951
0.961252
0.215225
0.916632
0.876220
0.888055
0.808378
0.405435
0.295660
0.423895
0.729326
0.254560
0.928816
0.457168
0.262746
0.798481
0.602630
0.486175
0.310120
0.596045
0.474803
0.118041
0.550851
0.588747
0.740290
0.183807
0.503927
0.459020
0.348048
0.190090
0.321235
0.469213
0.193579
0.123797
0.921301
0.275424
0.055423
0.968541
0.629794
0.877269
0.851919
0.500613
0.269728
0.713767
0.448752
0.558729
0.557555
0.617432
0.135725
0.002181
0.852534
0.244914
0.306267
0.093229
0.141384
0.840661
0.777445
0.711298
0.457612
0.528172
0.697965
0.487143
0.936222
0.102081
0.300098
0.808025
0.979136
0.873393
0.488628
0.632952
0.921212
0.750711
0.985562
0.040393
0.882278
0.026052
0.559313
0.993296
0.971315
0.604565
0.181626
0.651393
0.214105
0.041782
0.096860
0.179851
0.628552
0.416134
0.412498
0.463689
0.747252
0.357458
0.481398
0.693572
0.775188
0.551821
0.692588
0.290591
0.840374
0.960124
0.925777
0.636343
0.866720
0.150163
0.961788
0.970256
0.218863
0.746954
0.099933
0.170069
0.236096
0.595819
0.059905
0.243507
0.486390
0.601105
0.307292
0.307670
0.685948
0.887600
0.344336
0.231884
0.515936
0.007230
0.939380
0.146024
0.198890
0.292974
0.749801
0.041904
0.065927
0.633536
0.356953
0.104595
0.454403
0.219838
0.681138
0.995243
0.294828
0.996927
0.009782
0.392456
0.820315
0.352593
0.220182
0.260862
0.756353
0.174106
0.385902
0.089240
0.664221
0.348252
0.058707
0.324438
0.952894
0.986396
0.490319
0.667830
0.857189
0.211987
0.928351
0.152935
0.113418
0.742981
0.065474
0.781693
0.375980
0.378768
0.248264
0.191563
0.604178
0.297510
0.915214
0.865633
0.535007
0.124154
0.971022
0.759582
0.833125
0.553479
0.056784
0.534669
0.944722
0.691094
0.717466
0.113033
0.647140
0.866634
0.436765
0.597214
0.007852
0.752786
0.842307
0.181410
0.253946
0.944308
0.610763
0.444335
0.973825
0.971918
0.069299
0.152176
0.876596
0.470688
0.223608
0.129214
0.224098
0.087685
0.564856
0.119770
0.432918
0.433535
0.133160
0.912467
0.520893
0.210886
0.039902
0.466278
0.876347
0.628708
0.184479
0.368129
0.625981
0.405957
0.010153
0.350231
0.353201
0.304451
0.421298
0.561181
0.152237
0.901723
0.607407
0.956529
0.082791
0.833176
0.405455
0.720624
0.603409
0.152610
0.993264
0.214222
0.433099
0.303605
0.684747
0.486959
0.541900
0.802405
0.715132
0.377600
0.315600
0.426284
0.076206
0.347844
0.565960
0.059147
0.801945
0.523394
0.166237
0.802310
0.568033
0.071861
0.185962
0.957449
0.163241
0.350127
0.600359
0.727706
0.191843
0.917483
0.058276
0.046638
0.252056
0.443248
0.325104
0.499732
0.881170
0.084081
0.603552
0.295021
0.972631
0.037601
0.878167
0.345092
0.213338
0.586276
0.842577
0.805462
0.433135
0.916553
0.030867
0.837422
0.648763
0.417448
0.195161
0.830023
0.864095
0.832740
0.575899
0.492904
0.569476
0.483625
0.755767
0.463076
0.934352
0.990496
0.926552
0.195037
0.263763
0.962408
0.764125
0.829313
0.485793
0.288070
0.457218
0.354696
0.485585
0.343385
0.151987
0.730106
0.433574
0.569492
0.890284
0.543080
0.500035
0.863115
0.216615
0.387960
0.610508
0.749205
0.006828
0.311694
0.600456
0.847785
0.831945
0.038279
0.047105
0.951615
0.150055
0.949575
0.623868
0.078451
0.976149
0.947342
0.628483
0.573649
0.482726
0.163178
0.074063
0.043174
0.099917
0.430522
0.263247
0.685615
0.949825
0.069440
0.620510
0.539152
0.075116
0.323843
0.241292
0.919724
0.883343
0.663307
0.114624
0.932180
0.791034
0.438688
0.336455
0.307162
0.405121
0.861717
0.264934
0.175838
0.782765
0.805091
0.995843
0.407558
0.379902
0.425972
0.819940
0.116699
0.957439
0.347261
0.063590
0.057003
0.242253
0.979946
0.308633
0.756829
0.714436
0.805813
0.031891
0.266712
0.286268
0.509244
0.146271
0.185115
0.508654
0.292028
0.266487
0.077605
0.301460
0.809129
0.867337
0.317152
0.625431
0.267404
0.278057
0.569922
0.643468
0.800570
0.422453
0.117677
0.976582
0.177702
0.862721
0.641089
0.683361
0.805990
0.175351
0.076598
0.632875
0.304564
0.040450
0.118853
0.352473
0.118663
0.990723
0.274111
0.513063
0.729357
0.329953
0.078442
0.616843
0.952604
0.799547
0.332008
0.079857
0.785533
0.487081
0.598786
0.179376
0.886181
0.639152
0.737854
0.628111
0.169170
0.625623
0.602907
0.703254
0.970920
0.108517
0.875779
0.987464
0.226037
0.958752
0.948987
0.690466
0.876614
0.043041
0.112368
0.538047
0.948104
0.491481
0.026625
0.847967
0.622906
0.785669
0.896725
0.392169
0.375640
0.042304
0.503985
0.919809
0.536199
0.338744
0.004763
0.135394
0.414827
0.515946
0.649219
0.147743
0.882206
0.398332
0.525599
0.503320
0.371201
0.129455
0.926377
0.075990
0.756506
0.219640
0.541810
0.837429
0.995600
0.572161
0.331409
0.263275
0.853484
0.841129
0.235942
0.793530
0.583319
0.098922
0.783445
0.434721
0.769772
0.871016
0.852070
0.811210
0.442806
0.299768
0.542723
0.994407
0.644710
0.586768
0.034727
0.576903
0.362026
0.100248
0.771977
0.866400
0.566028
0.354915
0.554741
0.380040
0.470143
0.172576
0.656535
0.682715
0.497616
0.768821
0.341864
0.831508
0.417024
0.865775
0.713022
0.112434
0.527316
0.673529
0.692111
0.928394
0.829687
0.383654
0.081583
0.111796
0.632872
0.507083
0.260525
0.633574
0.471913
0.559433
0.396874
0.287455
0.486214
0.681201
0.413490
0.113176
0.926346
0.126910
0.752006
0.272157
0.102195
0.510206
0.979702
0.025782
0.433993
0.829701
0.881974
0.117394
0.913239
0.342616
0.648509
0.532338
0.716594
0.690394
0.754604
0.933157
0.847832
0.294216
0.746466
0.998230
0.613143
0.259660
0.395260
0.011402
0.087620
0.928374
0.718331
0.490678
0.738865
0.961016
0.840277
0.425121
0.163323
0.712409
0.902612
0.395694
0.553953
0.199609
0.994402
0.719633
0.164467
0.612016
0.101236
0.755319
0.869039
0.642270
0.354299
0.638382
0.386986
0.667024
0.114947
0.313202
0.867250
0.356746
0.260754
0.014575
0.581833
0.261371
0.535104
0.695128
0.868686
0.041696
0.692273
0.749916
0.630208
0.745897
0.136644
0.162641
0.490785
0.760202
0.213524
0.683365
0.682199
0.645230
0.242910
0.744105
0.617390
0.040961
0.373020
0.700634
0.261349
0.603385
0.177476
0.871615
0.604269
0.579523
0.410546
0.581491
0.451038
0.367509
0.700566
0.685267
0.157913
0.302130
0.969717
0.534259
0.866120
0.964592
0.592678
0.378254
0.882068
0.140775
0.955017
0.704787
0.021795
0.872036
0.569098
0.249860
0.315785
0.887734
0.313941
0.320483
0.657986
0.357628
0.823514
0.264416
0.462173
0.281726
0.168425
0.179169
0.378388
0.436078
0.477374
0.332872
0.458072
0.243807
0.149106
0.816080
0.680638
0.650232
0.365851
0.735322
0.900187
0.418003
0.995847
0.239554
0.731348
0.608379
0.621755
0.288484
0.691789
0.096605
0.261007
0.793052
0.009881
0.877052
0.420851
0.695739
0.020403
0.801291
0.355090
0.487732
0.528514
0.115305
0.045382
0.423995
0.896967
0.805911
0.888707
0.341157
0.221805
0.203247
0.514537
0.415598
0.469731
0.318094
0.080929
0.926638
0.749249
0.201759
0.975932
0.770385
0.185121
0.907418
0.386117
0.368506
0.559026
0.056523
0.637133
0.437669
0.442516
0.794016
0.328348
0.152124
0.534927
0.320469
0.311327
0.003219
0.612092
0.107140
0.898397
0.509544
0.405132
0.107217
0.872886
0.222058
0.778512
0.180078
0.866415
0.260632
0.675293
0.444919
0.925354
0.835282
0.893873
0.968973
0.119226
0.969487
0.058782
0.408249
0.986326
0.454451
0.011895
0.560359
0.189033
0.686877
0.882778
0.203211
0.412379
0.857639
0.210953
0.182532
0.417094
0.344117
0.094542
0.103046
0.548327
0.406610
0.727340
0.519703
0.107874
0.883733
0.611604
0.711778
0.602387
0.548643
0.825043
0.209122
0.182637
0.476146
0.912220
0.325001
0.548768
0.600197
0.546781
0.709364
0.822666
0.522354
0.904007
0.460507
0.364419
0.567558
0.997546
0.449320
0.916515
0.580751
0.341873
0.377028
0.428672
0.166533
0.449270
0.011351
0.085754
0.447178
0.696470
0.383939
0.905808
0.186852
0.351237
0.006396
0.210732
0.970558
0.878210
0.863611
0.257442
0.664172
0.473168
0.594428
0.821763
0.190535
0.642539
0.183908
0.839051
0.729793
0.070382
0.191359
0.302982
0.269731
0.334751
0.173715
0.382110
0.375773
0.197771
0.096882
0.028968
0.215750
0.941061
0.642960
0.413344
0.195544
0.702968
0.611935
0.551796
0.025797
0.596896
0.106977
0.903386
0.524379
0.854892
0.094752
0.390217
0.699334
0.193120
0.589621
0.436740
0.378888
0.819993
0.782773
0.177447
0.361720
0.210225
0.523698
0.811080
0.153466
0.909514
0.181763
0.754808
0.937149
0.220650
0.844098
0.468628
0.770200
0.982493
0.269967
0.164738
0.045642
0.076931
0.935665
0.205415
0.215490
0.096607
0.912765
0.570397
0.141631
0.584094
0.945371
0.996885
0.377778
0.314109
0.851521
0.854030
0.730837
0.119263
0.602265
0.042078
0.793454
0.430171
0.796989
0.088648
0.376246
0.262879
0.434758
0.754179
0.872399
0.824786
0.225479
0.653692
0.116189
0.653956
0.231325
0.163398
0.723386
0.870008
0.607050
0.220088
0.626131
0.578327
0.814195
0.775688
0.595405
0.330242
0.900777
0.206312
0.101388
0.241833
0.426550
0.976746
0.552322
0.472978
0.076090
0.669396
0.814051
0.500907
0.451236
0.343091
0.271821
0.687286
0.916705
0.025442
0.930138
0.714046
0.833486
0.654392
0.444102
0.244472
0.633942
0.104706
0.540936
0.788070
0.266390
0.198049
0.099929
0.896211
0.882336
0.274858
0.021046
0.008209
0.777433
0.320078
0.351808
0.149389
0.984295
0.302138
0.153049
0.780089
0.820308
0.451565
0.182722
0.690344
0.194647
0.695993
0.864281
0.980709
0.121296
0.151303
0.085771
0.266836
0.101606
0.560452
0.453764
0.160160
0.778697
0.452393
0.576767
0.193754
0.394538
0.793005
0.492698
0.673803
0.023013
0.920013
0.537898
0.932410
0.723304
0.777089
0.933956
0.013179
0.202827
0.261380
0.554127
0.439295
0.408713
0.676655
0.807361
0.145094
0.046746
0.014159
0.629376
0.780730
0.714406
0.567283
0.848049
0.998736
0.867685
0.775041
0.955635
0.589757
0.509132
0.660351
0.106287
0.797294
0.531552
0.644824
0.757934
0.471342
0.918904
0.930325
0.967530
0.918469
0.889923
0.531643
0.827540
0.692893
0.883797
0.646403
0.015065
0.731951
0.438234
0.947391
0.413024
0.680131
0.225723
0.644649
0.675067
0.155328
0.144972
0.582263
0.342652
0.214172
0.116738
0.827670
0.215884
0.671275
0.616556
0.796193
0.967953
0.489809
0.746330
0.839831
0.226625
0.156823
0.482515
0.801835
0.087836
0.830609
0.920880
0.832984
0.266785
0.429451
0.827650
0.542611
0.909626
0.283410
0.015703
0.431220
0.641967
0.386580
0.062561
0.415282
0.257170
0.802166
0.102655
0.751645
0.247194
0.273367
0.735450
0.859587
0.203084
0.137468
0.806572
0.788440
0.575128
0.955719
0.145556
0.325187
0.849523
0.304843
0.811665
0.408282
0.725877
0.317322
0.039652
0.433026
0.930762
0.101035
0.396450
0.573918
0.284695
0.553995
0.380911
0.710783
0.687643
0.643675
0.088185
0.979431
0.883456
0.747065
0.942248
0.884752
0.693141
0.114308
0.044544
0.691657
0.473733
0.682094
0.217423
0.060103
0.978567
0.204038
0.022938
0.916090
0.069258
0.022910
0.982255
0.326408
0.701131
0.706205
0.177728
0.962499
0.719372
0.354539
0.148804
0.515441
0.493793
0.718386
0.809009
0.691672
0.208654
0.203308
0.440435
0.156381
0.190535
0.767121
0.716625
0.252144
0.635228
0.822228
0.372923
0.952196
0.896997
0.373511
0.657828
0.215437
0.531085
0.398656
0.384376
0.986512
0.937470
0.910458
0.016933
0.164083
0.392526
0.793444
0.369311
0.199349
0.395922
0.235535
0.999985
0.265079
0.478786
0.776988
0.903722
0.788032
0.436917
0.306314
0.663946
0.434030
0.200682
0.609332
0.374212
0.804133
0.332694
0.519899
0.747061
0.188288
0.955884
0.764429
0.528929
0.556323
0.807928
0.792076
0.527589
0.816128
0.409864
0.071125
0.957033
0.794613
0.531586
0.716640
0.987065
0.156442
0.045240
0.469201
0.164164
0.460080
0.067197
0.993882
0.781407
0.330403
0.789323
0.010164
0.182379
0.604775
0.390558
0.269871
0.975796
0.436642
0.029015
0.840382
0.643026
0.587993
0.443459
0.472396
0.448951
0.068922
0.705863
0.946690
0.993419
0.905332
0.589673
0.676881
0.277588
0.155441
0.140131
0.210048
0.344053
0.265497
0.526017
0.965654
0.857884
0.166561
0.754265
0.346550
0.951548
0.417370
0.522205
0.551793
0.379486
0.380848
0.230743
0.314007
0.206620
0.088126
0.244245
0.538114
0.087519
0.339377
0.522511
0.170745
0.554749
0.477524
0.317001
0.503819
0.174962
0.649192
0.800115
0.838327
0.339278
0.864541
0.304217
0.117912
0.270081
0.274751
0.493832
0.691478
0.170623
0.921254
0.920603
0.069465
0.688074
0.475120
0.632683
0.786799
0.817205
0.345429
0.138767
0.190069
0.816065
0.617620
0.039303
0.789304
0.787973
0.209016
0.461835
0.682922
0.517369
0.954149
0.508223
0.612269
0.552829
0.217988
0.433881
0.109405
0.106098
0.736911
0.622529
0.035997
0.166872
0.323642
0.468649
0.399446
0.864257
0.889829
0.383946
0.737543
0.132095
0.178234
0.313750
0.358897
0.031572
0.760812
0.049022
0.551306
0.655526
0.842382
0.434989
0.752712
0.320601
0.985609
0.079208
0.617794
0.703267
0.486722
0.960059
0.581976
0.738209
0.010153
0.750802
0.650333
0.021787
0.670118
0.790623
0.951808
0.727791
0.655357
0.051761
0.655878
0.030781
0.148084
0.324025
0.485797
0.193337
0.459201
0.060964
0.897303
0.375605
0.998892
0.356693
0.785497
0.751302
0.543321
0.418203
0.463605
0.836920
0.508590
0.817470
0.126047
0.879676
0.633144
0.087210
0.110308
0.508116
0.523127
0.407089
0.303780
0.105455
0.997262
0.895428
0.624744
0.694298
0.110964
0.266915
0.127264
0.526409
0.018245
0.720491
0.327662
0.487830
0.603367
0.796479
0.986908
0.466832
0.332599
0.186728
0.184867
0.161529
0.973154
0.825761
0.848116
0.022212
0.964550
0.545570
0.522665
0.624957
0.916936
0.182017
0.087882
0.461939
0.165536
0.272559
0.681307
0.887928
0.089778
0.658233
0.224893
0.525076
0.697711
0.135944
0.349091
0.905223
0.020990
0.139139
0.412843
0.300545
0.900482
0.925441
0.346588
0.549973
0.581328
0.455664
0.083243
0.032711
0.349859
0.102079
0.069341
0.194028
0.084898
0.039382
0.064470
0.852709
0.447932
0.646354
0.599902
0.513589
0.138246
0.762015
0.941756
0.634888
0.050784
0.835776
0.256306
0.952163
0.686622
0.435272
0.721667
0.064068
0.620128
0.176077
0.074984
0.335608
0.726352
0.004639
0.429228
0.815677
0.170479
0.611967
0.693900
0.004880
0.618850
0.160423
0.672367
0.249779
0.489590
0.749189
0.391634
0.882744
0.377124
0.471087
0.665657
0.849698
0.089665
0.090282
0.597810
0.894706
0.020392
0.361576
0.968643
0.729730
0.926002
0.994357
0.858420
0.358546
0.034744
0.635242
0.037032
0.277453
0.034387
0.906002
0.508709
0.519396
0.601592
0.269389
0.385109
0.561195
0.086587
0.864671
0.069419
0.309498
0.964185
0.056010
0.214370
0.530463
0.085795
0.477174
0.440902
0.705960
0.643063
0.460585
0.085947
0.244477
0.617610
0.835480
0.646334
0.584107
0.525182
0.635335
0.972326
0.455202
0.843188
0.882925
0.363348
0.775533
0.201698
0.280549
0.288504
0.003078
0.225611
0.528391
0.585209
0.056207
0.305566
0.754273
0.199267
0.840207
0.517183
0.417517
0.652585
0.391680
0.174657
0.951085
0.032976
0.416778
0.070521
0.862375
0.935289
0.076410
0.634054
0.412783
0.105993
0.243400
0.981746
0.706071
0.533965
0.762487
0.775461
0.925866
0.527386
0.860184
0.948782
0.855694
0.649753
0.337497
0.706311
0.886680
0.404270
0.100427
0.417963
0.993748
0.192426
0.350525
0.684250
0.939350
0.038425
0.772666
0.020550
0.428059
0.699123
0.567644
0.867766
0.182511
0.759678
0.243865
0.822320
0.051244
0.293721
0.530105
0.828407
0.671881
0.980024
0.568401
0.561824
0.002832
0.054183
0.468346
0.064405
0.628706
0.316351
0.652558
0.868627
0.742863
0.725885
0.949804
0.473432
0.067568
0.470733
0.961195
0.278012
0.834842
0.194842
0.907695
0.743355
0.767707
0.616318
0.126462
0.804450
0.356032
0.807392
0.877904
0.214799
0.424246
0.532026
0.856139
0.990916
0.138243
0.882179
0.619845
0.310644
0.722074
0.120108
0.151924
0.685196
0.973237
0.617840
0.394334
0.114943
0.288945
0.282670
0.544309
0.216402
0.098878
0.622410
0.085052
0.904174
0.363705
0.441939
0.757374
0.646800
0.246791
0.590442
0.849605
0.204460
0.784325
0.796419
0.877710
0.604620
0.843707
0.329960
0.162788
0.345494
0.350625
0.809272
0.592815
0.861604
0.577002
0.513361
0.628412
0.478762
0.333648
0.582154
0.588048
0.257154
0.184983
0.792852
0.310626
0.060541
0.090087
0.098765
0.344116
0.891452
0.291737
0.770239
0.106184
0.937749
0.323690
0.274213
0.080577
0.129531
0.287880
0.231546
0.769449
0.938321
0.473399
0.951493
0.354797
0.521876
0.109049
0.456640
0.425412
0.030057
0.859785
0.169326
0.389646
0.061808
0.797590
0.538980
0.143919
0.694238
0.697653
0.533594
0.713167
0.551970
0.559720
0.056604
0.407746
0.026935
0.535058
0.512238
0.732074
0.289122
0.281815
0.858963
0.540441
0.860250
0.630660
0.233251
0.735278
0.075934
0.336211
0.885214
0.030484
0.230302
0.929439
0.954470
0.829644
0.494147
0.231259
0.962265
0.243511
0.626036
0.740619
0.367410
0.577561
0.728160
0.174942
0.361703
0.911386
0.938340
0.439255
0.622724
0.232754
0.827233
0.597677
0.884970
0.169807
0.229125
0.936075
0.654368
0.985874
0.461379
0.653766
0.113436
0.463936
0.768214
0.579124
0.883523
0.057823
0.328461
0.094339
0.164235
0.400899
0.794439
0.144828
0.154513
0.560962
0.106874
0.497260
0.629056
0.921909
0.191405
0.610527
0.502524
0.248701
0.738534
0.000243
0.860676
0.001177
0.993364
0.300102
0.843770
0.032768
0.577493
0.848829
0.779574
0.857823
0.161495
0.483887
0.519738
0.399700
0.080603
0.197468
0.510487
0.143902
0.294427
0.468211
0.671792
0.720360
0.100418
0.255915
0.247898
0.037720
0.325548
0.151845
0.737173
0.722845
0.653523
0.252759
0.462760
0.774850
0.279023
0.039753
0.025054
0.750967
0.245510
0.384661
0.543076
0.632944
0.660942
0.634774
0.161262
0.026271
0.299792
0.118569
0.778008
0.896978
0.142316
0.830731
0.528341
0.638116
0.744329
0.612778
0.963457
0.667816
0.148257
0.106597
0.309923
0.923971
0.596070
0.316815
0.082973
0.882472
0.444134
0.494684
0.648732
0.835093
0.812807
0.967411
0.510958
0.633485
0.833436
0.510530
0.694089
0.800626
0.137346
0.469891
0.140741
0.183232
0.321114
0.208831
0.084728
0.909194
0.639981
0.499303
0.107034
0.130766
0.933155
0.715131
0.826997
0.649440
0.067846
0.460103
0.750471
0.216807
0.140091
0.512530
0.191177
0.486984
0.151158
0.267050
0.263493
0.308880
0.320201
0.834252
0.837490
0.606983
0.142888
0.822715
0.484583
0.827143
0.897766
0.225195
0.014777
0.956089
0.817512
0.975939
0.751707
0.510979
0.779553
0.821736
0.185654
0.744962
0.507308
0.760486
0.416678
0.693346
0.998000
0.502912
0.313642
0.986188
0.202841
0.877248
0.874353
0.000913
0.374579
0.247238
0.302212
0.497093
0.676587
0.622451
0.303623
0.035390
0.489936
0.812220
0.693351
0.250334
0.484165
0.998765
0.705829
0.360538
0.690794
0.005523
0.742023
0.643850
0.506564
0.846816
0.615534
0.322201
0.331341
0.523849
0.620794
0.940047
0.945467
0.610230
0.826230
0.523187
0.977957
0.712565
0.458995
0.140925
0.353488
0.448084
0.475589
0.289617
0.009516
0.492303
0.494628
0.023143
0.761721
0.710849
0.332808
0.307206
0.497389
0.571619
0.342338
0.696277
0.030432
0.258819
0.678712
0.043238
0.723389
0.681417
0.557046
0.731120
0.012220
0.477393
0.512203
0.511979
0.099655
0.234355
0.109409
0.130677
0.550681
0.230240
0.070921
0.681279
0.513220
0.247395
0.620707
0.744842
0.135967
0.282726
0.014995
0.833952
0.952230
0.278457
0.243770
0.915035
0.351412
0.147518
0.479948
0.254568
0.031148
0.901949
0.409805
0.341267
0.970691
0.963386
0.777638
0.909861
0.257948
0.385218
0.892466
0.211041
0.480609
0.261887
0.625927
0.984169
0.324224
0.721630
0.951435
0.894465
0.976093
0.663717
0.209287
0.771160
0.402961
0.313276
0.816085
0.660809
0.329874
0.032254
0.257411
0.068507
0.332406
0.699605
0.789410
0.579990
0.266853
0.293284
0.771418
0.255272
0.862177
0.728241
0.533802
0.655357
0.020840
0.389068
0.849783
0.628006
0.556826
0.292335
0.020570
0.375319
0.483801
0.270662
0.483408
0.628187
0.588673
0.593720
0.680458
0.640817
0.931132
0.520226
0.841353
0.925542
0.685614
0.103056
0.631051
0.213756
0.968603
0.854509
0.728897
0.462047
0.993389
0.417633
0.239108
0.955253
0.274649
0.359504
0.143154
0.846134
0.020941
0.795515
0.285490
0.846073
0.761593
0.774003
0.440320
0.743733
0.105885
0.108951
0.939173
0.335721
0.773058
0.930065
0.329730
0.176563
0.625185
0.902751
0.441601
0.052237
0.534559
0.120885
0.165958
0.563437
0.874702
0.781462
0.420065
0.209153
0.911157
0.340254
0.782053
0.567732
0.798204
0.394968
0.794744
0.169539
0.746223
0.401034
0.181809
0.579729
0.994105
0.691878
0.878035
0.195545
0.924444
0.399168
0.285485
0.368204
0.514883
0.797507
0.903017
0.740089
0.238619
0.977196
0.282697
0.146239
0.014053
0.865425
0.636920
0.850436
0.433749
0.658267
0.176002
0.307681
0.713983
0.144429
0.166182
0.026835
0.529031
0.147921
0.596834
0.631080
0.210872
0.563566
0.856691
0.610115
0.721717
0.880474
0.195233
0.359819
0.983955
0.517049
0.469063
0.672538
0.363058
0.499356
0.421492
0.784151
0.529544
0.157824
0.319103
0.312473
0.742767
0.005807
0.272048
0.280122
0.547449
0.711853
0.168710
0.395413
0.251247
0.688650
0.737123
0.304010
0.233940
0.046325
0.129974
0.516902
0.096722
0.087464
0.786420
0.030098
0.348376
0.167857
0.177898
0.070691
0.158911
0.754509
0.523530
0.184440
0.986605
0.847079
0.714362
0.786263
0.142114
0.324786
0.350958
0.663423
0.851713
0.687981
0.214702
0.470470
0.191823
0.458110
0.055809
0.750015
0.470724
0.339089
0.155636
0.266337
0.411892
0.635072
0.754053
0.181168
0.989966
0.141206
0.241783
0.583857
0.251297
0.748518
0.095682
0.560844
0.864774
0.454349
0.609150
0.109133
0.363865
0.386165
0.640588
0.382227
0.358344
0.915272
0.046432
0.904898
0.629354
0.730612
0.280083
0.877652
0.828768
0.022262
0.804354
0.747019
0.119437
0.769477
0.003272
0.996639
0.705873
0.472579
0.202407
0.890817
0.576268
0.255276
0.102579
0.986939
0.233632
0.605552
0.361338
0.827959
0.071945
0.415221
0.367788
0.112380
0.423817
0.109204
0.361438
0.782538
0.904460
0.473970
0.303516
0.161198
0.118944
0.437428
0.836838
0.131860
0.979041
0.092410
0.564205
0.158901
0.981770
0.406743
0.218316
0.787597
0.130889
0.538009
0.395288
0.124711
0.309720
0.685094
0.076940
0.557409
0.315391
0.912296
0.765272
0.404951
0.913057
0.442916
0.964480
0.214977
0.295507
0.699756
0.835440
0.586929
0.035151
0.365569
0.758957
0.597227
0.162866
0.538373
0.828038
0.251863
0.198809
0.143022
0.040362
0.941056
0.877212
0.972500
0.987668
0.114097
0.424110
0.284499
0.225129
0.589070
0.561674
0.538244
0.756247
0.205887
0.994513
0.872358
0.916883
0.683534
0.392654
0.728765
0.571972
0.946619
0.041175
0.459359
0.190370
0.968023
0.999635
0.567250
0.872849
0.110911
0.542072
0.036577
0.616353
0.438178
0.939796
0.777604
0.290854
0.488947
0.158417
0.739351
0.625907
0.733834
0.161512
0.079193
0.381042
0.040638
0.493211
0.842074
0.913693
0.770212
0.809608
0.256066
0.305244
0.157635
0.683663
0.849992
0.973033
0.877577
0.405249
0.114820
0.003186
0.882038
0.247921
0.608777
0.150891
0.621878
0.760640
0.465393
0.716939
0.836096
0.133007
0.290975
0.949700
0.231142
0.649572
0.190930
0.905981
0.547964
0.617285
0.276677
0.197811
0.190027
0.311184
0.567605
0.953276
0.858410
0.186586
0.643319
0.560602
0.534547
0.662784
0.287668
0.606910
0.910495
0.130574
0.475016
0.111956
0.400872
0.613800
0.664103
0.204542
0.360203
0.551099
0.963993
0.539070
0.160036
0.065136
0.399262
0.609671
0.066378
0.573314
0.775222
0.687550
0.094065
0.547215
0.049909
0.023628
0.061336
0.965458
0.590290
0.087331
0.097856
0.177725
0.110030
0.925601
0.002433
0.815959
0.837745
0.830270
0.035772
0.526827
0.701440
0.187760
0.066186
0.312685
0.658742
0.029991
0.246048
0.168343
0.343606
0.792032
0.613271
0.868097
0.873052
0.440482
0.115569
0.237759
0.583282
0.849160
0.165116
0.884727
0.024624
0.303016
0.436075
0.554074
0.278941
0.357770
0.735140
0.126248
0.708800
0.124264
0.538309
0.697822
0.421910
0.000192
0.260629
0.116480
0.657559
0.848017
0.378872
0.706303
0.231596
0.448064
0.097360
0.717238
0.646850
0.982287
0.939965
0.526748
0.076441
0.837317
0.931232
0.813120
0.527254
0.599697
0.972753
0.422499
0.829990
0.331046
0.186437
0.949942
0.905726
0.707739
0.470520
0.921696
0.791840
0.352642
0.751617
0.215493
0.592465
0.736697
0.531456
0.351686
0.401095
0.067756
0.167489
0.377774
0.320728
0.496110
0.027326
0.202500
0.520453
0.803908
0.313128
0.181546
0.524567
0.565557
0.275324
0.591920
0.669146
0.074193
0.166539
0.751833
0.140278
0.908351
0.784608
0.439756
0.095422
0.345744
0.501745
0.054385
0.245590
0.408510
0.175062
0.675346
0.769561
0.763743
0.435346
0.206526
0.103587
0.945427
0.219999
0.309537
0.527138
0.873309
0.768396
0.381159
0.142182
0.195197
0.329776
0.122694
0.278449
0.585078
0.463660
0.452187
0.828346
0.746848
0.911929
0.305673
0.722012
0.665744
0.323390
0.075138
0.087600
0.852264
0.527154
0.750892
0.040165
0.877781
0.975020
0.420981
0.620130
0.055324
0.282383
0.142007
0.200883
0.398143
0.370674
0.998095
0.713155
0.454832
0.317062
0.816973
0.760666
0.038085
0.602197
0.417244
0.661662
0.263133
0.369673
0.047549
0.097999
0.111956
0.131387
0.015986
0.093163
0.692846
0.558645
0.486974
0.995528
0.793376
0.960178
0.522053
0.139873
0.047393
0.980687
0.077566
0.186935
0.092986
0.454092
0.115191
0.292016
0.594867
0.488700
0.961346
0.627659
0.721193
0.657894
0.425939
0.589130
0.157481
0.703342
0.942166
0.765825
0.843633
0.404994
0.526966
0.362479
0.723737
0.655034
0.205356
0.604767
0.410495
0.476043
0.573282
0.407439
0.336376
0.739407
0.573730
0.945099
0.148105
0.302053
0.369646
0.668266
0.880973
0.086203
0.470340
0.390764
0.473493
0.590048
0.504033
0.535365
0.855303
0.544808
0.229703
0.949743
0.555184
0.995087
0.777394
0.323656
0.325653
0.872210
0.582168
0.682491
0.978050
0.541909
0.884577
0.258491
0.749293
0.387616
0.682560
0.573088
0.355841
0.056293
0.920864
0.276508
0.617140
0.471825
0.375061
0.370140
0.814947
0.022933
0.827114
0.868434
0.110226
0.975653
0.655024
0.855311
0.480956
0.795888
0.083783
0.010723
0.867197
0.991562
0.262608
0.170055
0.760144
0.485069
0.409776
0.131681
0.698587
0.787781
0.817676
0.117652
0.533755
0.583169
0.258857
0.238163
0.072983
0.854641
0.579603
0.740238
0.972153
0.950280
0.455221
0.215427
0.896557
0.927144
0.827180
0.497094
0.746021
0.800794
0.247768
0.882095
0.396054
0.419951
0.403032
0.595697
0.571224
0.511088
0.144827
0.918553
0.684044
0.557385
0.252488
0.281192
0.439764
0.568257
0.630271
0.037243
0.121011
0.075422
0.115073
0.508803
0.845608
0.628562
0.795296
0.970640
0.064418
0.435428
0.672962
0.014123
0.684275
0.162008
0.249585
0.302533
0.367829
0.414644
0.521955
0.962530
0.072081
0.114030
0.319611
0.388938
0.297256
0.327115
0.459046
0.532390
0.382023
0.824950
0.178184
0.775546
0.851722
0.712107
0.988291
0.900412
0.172232
0.452471
0.911456
0.331636
0.984523
0.730070
0.581574
0.886949
0.349080
0.895242
0.616020
0.316215
0.142741
0.730533
0.318662
0.367683
0.454227
0.310660
0.648305
0.823755
0.748307
0.656027
0.976413
0.463585
0.803611
0.617112
0.195094
0.212696
0.723321
0.684671
0.113711
0.512043
0.709537
0.338129
0.970897
0.383306
0.684574
0.940381
0.075581
0.723001
0.218788
0.703591
0.072723
0.154515
0.596582
0.140384
0.164707
0.927797
0.514290
0.529879
0.951791
0.103415
0.056080
0.011878
0.436827
0.368620
0.835359
0.716362
0.118940
0.261202
0.045399
0.467863
0.374906
0.639544
0.557112
0.645122
0.932909
0.458167
0.790152
0.243081
0.644682
0.235438
0.607069
0.575581
0.669240
0.151725
0.515643
0.811706
0.535789
0.289321
0.087233
0.243303
0.109282
0.667241
0.672793
0.676884
0.143423
0.874178
0.621768
0.851958
0.122104
0.639174
0.472518
0.700675
0.083457
0.661676
0.058469
0.139815
0.696348
0.806430
0.897303
0.520024
0.692358
0.907221
0.954298
0.282551
0.951689
0.540436
0.200171
0.901038
0.079299
0.748126
0.473058
0.009658
0.593961
0.372606
0.790980
0.231482
0.765366
0.935345
0.793165
0.810805
0.818993
0.317634
0.542406
0.561225
0.573762
0.548600
0.435767
0.972892
0.345295
0.618340
0.291682
0.843430
0.382100
0.132935
0.960752
0.157592
0.126805
0.472622
0.775846
0.064124
0.126052
0.148710
0.842300
0.528142
0.266568
0.681538
0.469193
0.318091
0.726331
0.265304
0.329009
0.877355
0.488796
0.354897
0.958799
0.118596
0.358621
0.518531
0.309659
0.606394
0.922096
0.908489
0.057608
0.697200
0.615190
0.512306
0.852066
0.467156
0.899985
0.015134
0.167358
0.639314
0.786635
0.950865
0.282663
0.552425
0.636095
0.073213
0.243134
0.847431
0.283297
0.106757
0.095536
0.856499
0.263443
0.332883
0.724834
0.023479
0.614404
0.651093
0.551198
0.204709
0.564132
0.718238
0.366925
0.510862
0.636404
0.990234
0.060986
0.366583
0.666404
0.301834
0.678777
0.939696
0.314439
0.046347
0.324930
0.852701
0.281685
0.715665
0.271165
0.075325
0.411774
0.214123
0.749896
0.658653
0.575606
0.332773
0.673721
0.000787
0.861213
0.300868
0.262447
0.335853
0.296896
0.800434
0.128452
0.150231
0.960631
0.221677
0.185842
0.969691
0.771378
0.564357
0.907735
0.968858
0.060410
0.770606
0.003798
0.981759
0.617218
0.453669
0.948154
0.202629
0.436970
0.801302
0.546057
0.988526
0.385465
0.693204
0.510075
0.775191
0.689366
0.798540
0.030731
0.369508
0.501401
0.550325
0.789465
0.353807
0.824670
0.139089
0.883010
0.510306
0.151308
0.363430
0.106467
0.351364
0.443517
0.746098
0.676894
0.958388
0.879104
0.725567
0.798157
0.424243
0.499566
0.716390
0.347326
0.911432
0.107230
0.618377
0.375041
0.271266
0.423137
0.155111
0.600183
0.269978
0.014031
0.118270
0.615051
0.235740
0.631517
0.120788
0.471452
0.465910
0.090239
0.841687
0.851265
0.993453
0.055204
0.869163
0.030138
0.506361
0.967637
0.711918
0.350948
0.189800
0.082150
0.683404
0.458077
0.394170
0.931949
0.414424
0.082542
0.401533
0.983978
0.282827
0.240329
0.137277
0.245161
0.491416
0.115624
0.812000
0.625310
0.205442
0.492478
0.788865
0.883880
0.946892
0.430789
0.444361
0.847227
0.317188
0.405071
0.139594
0.906458
0.024092
0.081465
0.340988
0.471707
0.142106
0.875807
0.082083
0.703845
0.532509
0.834207
0.647539
0.837961
0.231124
0.328633
0.845078
0.350271
0.735642
0.181453
0.429895
0.663721
0.537660
0.717496
0.083757
0.765027
0.920159
0.745439
0.234922
0.366216
0.053006
0.254577
0.025490
0.390332
0.001076
0.060546
0.512271
0.140721
0.364521
0.055194
0.541315
0.958907
0.281417
0.164461
0.787349
0.974318
0.163845
0.943786
0.533608
0.211250
0.249336
0.014467
0.183506
0.779528
0.687575
0.055837
0.141432
0.103934
0.336027
0.106065
0.105491
0.089101
0.621231
0.056593
0.313514
0.531432
0.773661
0.135268
0.697240
0.866603
0.273439
0.303763
0.391364
0.454225
0.016993
0.642545
0.689403
0.373815
0.773710
0.550149
0.553777
0.670823
0.730972
0.051416
0.586687
0.365431
0.198740
0.884058
0.286398
0.665050
0.954480
0.406780
0.051620
0.743291
0.998601
0.227802
0.427475
0.507755
0.029193
0.090109
0.107715
0.890405
0.640023
0.142244
0.757025
0.232344
0.371921
0.494103
0.405713
0.913865
0.505688
0.587655
0.433111
0.605054
0.054649
0.518804
0.723670
0.422491
0.172534
0.027116
0.866383
0.819181
0.728488
0.645620
0.123312
0.274838
0.075961
0.963889
0.946470
0.987800
0.552436
0.581688
0.483410
0.133686
0.407904
0.796752
0.438479
0.359051
0.557313
0.180975
0.451565
0.693051
0.296403
0.853287
0.059995
0.899831
0.887976
0.327950
0.320800
0.826067
0.200686
0.561092
0.688574
0.300704
0.444490
0.984403
0.615568
0.564062
0.178355
0.810555
0.244543
0.819485
0.912415
0.922303
0.780179
0.097784
0.790904
0.994632
0.246004
0.497337
0.337829
0.272105
0.729439
0.876131
0.173829
0.806387
0.919350
0.840512
0.317669
0.802512
0.448771
0.875275
0.402797
0.257896
0.687096
0.107946
0.597284
0.867843
0.569625
0.229549
0.986197
0.193936
0.539565
0.644897
0.258672
0.671386
0.595267
0.505499
0.858655
0.813992
0.402495
0.550147
0.055846
0.591360
0.949936
0.026857
0.754705
0.769224
0.460193
0.126821
0.181891
0.166797
0.688786
0.775558
0.552659
0.557448
0.711539
0.315131
0.054460
0.210554
0.868235
0.804707
0.800697
0.706438
0.852439
0.079157
0.600719
0.134172
0.370632
0.315174
0.992395
0.516856
0.290364
0.261824
0.211152
0.498835
0.848418
0.648092
0.488672
0.226903
0.981126
0.415393
0.701046
0.880838
0.453991
0.433538
0.636488
0.828027
0.329766
0.204211
0.460832
0.727032
0.700792
0.057958
0.107554
0.550055
0.470990
0.455127
0.457188
0.579303
0.711683
0.762309
0.252368
0.169828
0.864997
0.970739
0.667962
0.840369
0.127465
0.063987
0.330545
0.730413
0.899738
0.353415
0.329716
0.414244
0.371169
0.164209
0.878412
0.522673
0.874946
0.139887
0.407140
0.669840
0.257216
0.884842
0.966800
0.819374
0.806697
0.753964
0.919531
0.136734
0.885783
0.236304
0.057075
0.116129
0.444654
0.033083
0.040470
0.326526
0.369551
0.305943
0.097613
0.430028
0.850797
0.131116
0.312788
0.329623
0.893749
0.229142
0.027382
0.596045
0.315240
0.050048
0.909463
0.454467
0.877467
0.285568
0.350454
0.058300
0.216775
0.748431
0.703634
0.241682
0.827683
0.273470
0.614284
0.455085
0.320331
0.289247
0.087718
0.001618
0.858266
0.780798
0.092645
0.024149
0.008771
0.094352
0.340218
0.363467
0.655700
0.939418
0.223329
0.491457
0.703916
0.010068
0.682267
0.008316
0.950736
0.706620
0.057828
0.227878
0.284653
0.336835
0.084844
0.541869
0.032473
0.483329
0.974943
0.530465
0.841869
0.225070
0.328005
0.035484
0.448344
0.934737
0.571895
0.306469
0.955696
0.569245
0.091000
0.221768
0.346150
0.127125
0.566844
0.512859
0.738363
0.021367
0.233367
0.876947
0.566850
0.556456
0.227206
0.035679
0.952411
0.002874
0.459750
0.825792
0.297469
0.117702
0.493684
0.166902
0.869282
0.012213
0.327983
0.207356
0.004681
0.651434
0.184988
0.748220
0.440823
0.591267
0.786548
0.604586
0.579495
0.490984
0.715019
0.546290
0.315468
0.851477
0.664922
0.465624
0.926873
0.747737
0.494786
0.889458
0.222196
0.868255
0.209691
0.150875
0.817036
0.078212
0.139566
0.086414
0.557032
0.763017
0.014412
0.341469
0.475691
0.381856
0.764638
0.297540
0.430101
0.446819
0.272361
0.987354
0.065471
0.512187
0.489389
0.636943
0.151397
0.794828
0.360169
0.370596
0.369965
0.998897
0.277445
0.647086
0.143958
0.118292
0.056481
0.187645
0.573222
0.045422
0.661806
0.883791
0.828249
0.772136
0.263116
0.103804
0.109129
0.950381
0.248750
0.885367
0.404658
0.392561
0.478269
0.861402
0.235550
0.005398
0.252515
0.070799
0.073428
0.849523
0.780280
0.447071
0.079314
0.862122
0.439329
0.413074
0.644725
0.957932
0.153825
0.902469
0.336434
0.102832
0.413749
0.601851
0.674683
0.009244
0.883550
0.956343
0.561806
0.240638
0.751576
0.746739
0.402266
0.881899
0.509194
0.134414
0.993500
0.024930
0.576287
0.070530
0.268769
0.276201
0.740574
0.493908
0.183300
0.222478
0.470716
0.183524
0.814204
0.109292
0.201336
0.772695
0.847549
0.835002
0.283516
0.729976
0.383317
0.594719
0.905059
0.673745
0.764759
0.500939
0.324060
0.671161
0.967623
0.271086
0.312657
0.085814
0.837192
0.863042
0.342544
0.375956
0.681731
0.413251
0.408560
0.153134
0.880354
0.943032
0.418327
0.860479
0.899952
0.682215
0.183648
0.714257
0.405637
0.468060
0.016763
0.018949
0.287180
0.604135
0.460670
0.228741
0.523991
0.252226
0.399369
0.301146
0.005115
0.427917
0.408094
0.346109
0.359436
0.128173
0.807568
0.132474
0.696041
0.792775
0.619561
0.967194
0.891969
0.865189
0.869497
0.483365
0.912504
0.721411
0.959487
0.359122
0.032879
0.307297
0.652212
0.680443
0.666951
0.851987
0.857074
0.313201
0.610815
0.943175
0.074810
0.676615
0.985334
0.000466
0.807025
0.520918
0.814860
0.610759
0.728005
0.203911
0.889439
0.564088
0.747063
0.513667
0.602871
0.147266
0.535584
0.374676
0.882724
0.501182
0.869618
0.491112
0.944929
0.747157
0.620702
0.338164
0.575930
0.551020
0.032908
0.748621
0.184998
0.732758
0.455858
0.710708
0.792309
0.812535
0.446276
0.077110
0.254430
0.141491
0.279454
0.023065
0.157323
0.212425
0.845455
0.430008
0.160031
0.116628
0.305767
0.784228
0.350805
0.987455
0.822089
0.665886
0.196017
0.454108
0.338452
0.409404
0.449446
0.774117
0.772298
0.629862
0.878001
0.272147
0.493203
0.097131
0.751552
0.300787
0.436558
0.348441
0.005775
0.256130
0.351611
0.725401
0.288758
0.024163
0.061104
0.784898
0.630529
0.314935
0.553936
0.225125
0.563565
0.210819
0.082735
0.988981
0.278650
0.117406
0.301304
0.342863
0.038418
0.673979
0.447248
0.376429
0.869344
0.786251
0.925934
0.405771
0.911638
0.408897
0.081567
0.154256
0.860498
0.954156
0.058827
0.062047
0.963292
0.760985
0.880988
0.565488
0.139173
0.784516
0.184279
0.885881
0.563298
0.689563
0.640881
0.599351
0.154741
0.191899
0.754268
0.713134
0.626808
0.989310
0.972012
0.136430
0.469879
0.425677
0.319630
0.377120
0.615266
0.979536
0.630642
0.770031
0.360779
0.495109
0.163078
0.600273
0.449834
0.201747
0.423492
0.139477
0.332891
0.117025
0.456982
0.475120
0.984416
0.806367
0.777078
0.714604
0.594352
0.171667
0.692637
0.284830
0.419588
0.109555
0.017826
0.390620
0.528480
0.739198
0.684928
0.348026
0.781449
0.250345
0.795458
0.778394
0.289407
0.021201
0.285608
0.113464
0.487816
0.217389
0.459873
0.821850
0.074874
0.297285
0.238014
0.642392
0.182943
0.194934
0.421827
0.875526
0.254010
0.626993
0.092289
0.195678
0.869981
0.612817
0.379411
0.832299
0.755911
0.478150
0.252246
0.668385
0.951402
0.628035
0.361084
0.043484
0.095824
0.171374
0.361655
0.496600
0.588978
0.317205
0.892753
0.519479
0.874382
0.454622
0.642438
0.236645
0.914621
0.595999
0.515093
0.274470
0.112205
0.592638
0.152348
0.911468
0.637528
0.416046
0.946095
0.533496
0.543052
0.033362
0.445079
0.536414
0.589354
0.098790
0.778366
0.979050
0.125911
0.876359
0.145792
0.593964
0.877729
0.529073
0.356048
0.379628
0.172370
0.449851
0.959033
0.955359
0.016818
0.864318
0.557829
0.643706
0.885511
0.099898
0.756917
0.313874
0.211989
0.414988
0.509988
0.552772
0.138013
0.916576
0.960187
0.999624
0.218415
0.114387
0.540429
0.748470
0.578263
0.496646
0.642681
0.036892
0.066925
0.159046
0.894842
0.939835
0.142787
0.193315
0.956109
0.620710
0.551728
0.388266
0.889789
0.657540
0.933463
0.688163
0.222540
0.377366
0.683801
0.268378
0.426278
0.987898
0.959783
0.185605
0.594340
0.659315
0.414686
0.815619
0.631158
0.594107
0.953205
0.316352
0.918468
0.949893
0.705273
0.662987
0.703872
0.742724
0.906583
0.800808
0.693163
0.660261
0.026722
0.620199
0.895232
0.204549
0.228413
0.737646
0.622259
0.534613
0.846009
0.114151
0.760572
0.618480
0.311041
0.048341
0.377577
0.652239
0.343426
0.263684
0.345728
0.189582
0.876963
0.037641
0.670817
0.846455
0.725279
0.185918
0.914816
0.026881
0.887355
0.529377
0.717105
0.657079
0.648179
0.531046
0.783349
0.731370
0.447959
0.972082
0.124702
0.568677
0.701468
0.870586
0.975627
0.642164
0.268012
0.540890
0.297654
0.361846
0.399303
0.358144
0.553143
0.029620
0.763167
0.022346
0.813805
0.301443
0.434281
0.980416
0.177669
0.341059
0.208270
0.905154
0.877534
0.197830
0.583105
0.977223
0.887111
0.863082
0.076259
0.252876
0.083562
0.641958
0.393098
0.370101
0.547417
0.608952
0.496751
0.373163
0.484609
0.325977
0.827773
0.361673
0.997261
0.124188
0.507031
0.903300
0.355636
0.213898
0.550630
0.605681
0.390311
0.239689
0.066928
0.247168
0.370848
0.118364
0.893363
0.088516
0.779082
0.191753
0.288015
0.214092
0.719888
0.006204
0.988043
0.005725
0.420668
0.266416
0.649183
0.329196
0.975466
0.606508
0.618743
0.180407
0.216871
0.701239
0.001854
0.521898
0.983931
0.032475
0.371542
0.496800
0.623393
0.009331
0.005708
0.712714
0.523594
0.499735
0.281585
0.768335
0.417199
0.208736
0.159071
0.764721
0.319773
0.839730
0.355948
0.576593
0.857771
0.857848
0.574103
0.380171
0.607391
0.931887
0.425273
0.173439
0.538451
0.065074
0.725270
0.386916
0.085889
0.521821
0.591715
0.155690
0.182422
0.282307
0.501378
0.196294
0.506469
0.706458
0.237390
0.003469
0.057680
0.490112
0.564476
0.655693
0.766778
0.262795
0.603814
0.359100
0.843391
0.427751
0.141727
0.376541
0.100588
0.946269
0.323361
0.084942
0.944257
0.280438
0.325798
0.437705
0.977914
0.689870
0.612645
0.234777
0.926430
0.657693
0.568426
0.813304
0.133272
0.118558
0.573124
0.800091
0.367736
0.009627
0.724478
0.840613
0.669092
0.821459
0.814339
0.695060
0.637323
0.583543
0.010375
0.985301
0.575552
0.268354
0.070748
0.238165
0.001868
0.175580
0.758589
0.528554
0.016588
0.624745
0.768692
0.131250
0.832419
0.996049
0.842389
0.633506
0.144237
0.030690
0.559008
0.475655
0.418123
0.417249
0.535928
0.431496
0.124810
0.509022
0.389882
0.306934
0.696895
0.315423
0.452404
0.402362
0.421515
0.541898
0.996612
0.924561
0.482113
0.809837
0.284750
0.116684
0.493813
0.804432
0.668841
0.535317
0.013578
0.882089
0.207107
0.524854
0.790769
0.255331
0.219405
0.219200
0.166293
0.474448
0.553805
0.450742
0.759333
0.680865
0.931231
0.304973
0.860158
0.306185
0.126192
0.595073
0.082847
0.772080
0.206689
0.350307
0.186212
0.557639
0.516822
0.650424
0.226257
0.890167
0.940338
0.404545
0.535160
0.328820
0.906642
0.334041
0.253691
0.170477
0.087733
0.530602
0.840975
0.898599
0.951620
0.662182
0.861032
0.065381
0.619588
0.621955
0.503652
0.158558
0.521610
0.410967
0.032353
0.462152
0.185010
0.827366
0.324450
0.690285
0.874430
0.564512
0.365163
0.279068
0.814655
0.631133
0.145627
0.647163
0.116702
0.505642
0.510389
0.843498
0.774371
0.019183
0.407586
0.174572
0.932891
0.221814
0.706699
0.587101
0.728351
0.682560
0.399081
0.995212
0.239458
0.193905
0.428016
0.755327
0.577179
0.210710
0.638535
0.032212
0.769529
0.888527
0.891409
0.273079
0.899469
0.695347
0.251435
0.834918
0.156540
0.350644
0.221883
0.845218
0.602772
0.096066
0.983986
0.588720
0.189152
0.325654
0.875051
0.456659
0.144807
0.925369
0.695073
0.634972
0.370607
0.937148
0.523740
0.237476
0.420423
0.507092
0.614952
0.347173
0.617115
0.618980
0.570419
0.874902
0.323835
0.156151
0.339654
0.776350
0.871171
0.484816
0.741883
0.125579
0.586494
0.415095
0.406492
0.050305
0.868250
0.552965
0.298668
0.432372
0.285341
0.943462
0.397239
0.398922
0.951380
0.367669
0.035602
0.479046
0.188255
0.636484
0.487745
0.539426
0.731664
0.651464
0.970316
0.278937
0.939915
0.644332
0.812370
0.317982
0.840838
0.133168
0.331080
0.558313
0.510274
0.288582
0.584667
0.502357
0.384183
0.225072
0.805104
0.135082
0.563631
0.217712
0.948251
0.665735
0.251311
0.534817
0.395855
0.135580
0.519667
0.851908
0.236925
0.139506
0.833352
0.771567
0.846642
0.646579
0.770763
0.594122
0.732324
0.027412
0.419797
0.967588
0.874059
0.775066
0.654880
0.812572
0.896565
0.567197
0.142596
0.230498
0.343964
0.624624
0.418771
0.539494
0.873691
0.480353
0.116647
0.574460
0.143357
0.420247
0.792424
0.575445
0.178475
0.007486
0.361600
0.484438
0.911734
0.739512
0.694459
0.852343
0.474945
0.964385
0.257484
0.931045
0.360016
0.908751
0.405140
0.051687
0.098538
0.108714
0.304319
0.051891
0.510956
0.100896
0.312414
0.363234
0.659153
0.716706
0.197107
0.703285
0.226332
0.978339
0.018677
0.553848
0.019926
0.058197
0.483150
0.962325
0.035555
0.960421
0.960229
0.421620
0.602812
0.885112
0.299453
0.983948
0.715874
0.013631
0.487808
0.775153
0.371639
0.812328
0.522569
0.632401
0.319351
0.480009
0.212211
0.519322
0.290781
0.164493
0.781153
0.685402
0.761172
0.675782
0.298495
0.455019
0.906188
0.774334
0.968720
0.324461
0.948330
0.444911
0.630067
0.495726
0.223602
0.004866
0.067943
0.795082
0.087265
0.824607
0.588081
0.287515
0.904378
0.674538
0.070884
0.906980
0.498330
0.806466
0.034527
0.729145
0.893704
0.701997
0.276923
0.274382
0.284638
0.661734
0.966601
0.696623
0.110778
0.330733
0.659487
0.767544
0.568720
0.857741
0.279426
0.148037
0.807462
0.454626
0.837319
0.232086
0.655402
0.624130
0.231807
0.386402
0.489955
0.710269
0.778422
0.262842
0.869316
0.263968
0.725874
0.012484
0.072338
0.691797
0.050079
0.663692
0.783177
0.663465
0.799103
0.112824
0.674133
0.408455
0.027538
0.518544
0.966866
0.308655
0.139478
0.096917
0.219912
0.233565
0.674894
0.842927
0.182336
0.802719
0.342743
0.403749
0.991727
0.498501
0.011540
0.415322
0.397766
0.240727
0.684139
0.038441
0.638936
0.609409
0.103852
0.785544
0.194276
0.480323
0.035213
0.133328
0.046171
0.809781
0.713542
0.688537
0.315475
0.092329
0.289486
0.270043
0.476704
0.103528
0.419915
0.686981
0.461249
0.383131
0.608735
0.080610
0.193296
0.038539
0.248370
0.385410
0.422738
0.114964
0.074383
0.035198
0.799047
0.923686
0.733001
0.772590
0.828331
0.104265
0.963588
0.173741
0.423784
0.961352
0.154391
0.866860
0.710391
0.053257
0.133706
0.515023
0.394973
0.591625
0.728342
0.936517
0.857597
0.075404
0.957830
0.445639
0.570870
0.855483
0.400133
0.771537
0.365359
0.960830
0.098131
0.247124
0.886095
0.980541
0.915946
0.487144
0.988064
0.325898
0.096302
0.052920
0.142176
0.265524
0.820120
0.750858
0.329874
0.475029
0.565587
0.798323
0.446914
0.520028
0.448893
0.565142
0.039560
0.116553
0.589558
0.228177
0.068203
0.332867
0.001053
0.462972
0.143435
0.865458
0.926617
0.537689
0.980811
0.238444
0.379716
0.722327
0.727360
0.037404
0.462103
0.252798
0.326100
0.908221
0.185659
0.527723
0.600375
0.392243
0.647316
0.123956
0.335455
0.951241
0.206396
0.325799
0.844277
0.508572
0.018947
0.817892
0.647674
0.914894
0.024172
0.844628
0.460440
0.169685
0.515231
0.161365
0.027080
0.440404
0.028531
0.602514
0.437625
0.103484
0.545525
0.120814
0.611807
0.263234
0.037419
0.439185
0.724309
0.942242
0.104222
0.732748
0.381627
0.794657
0.137173
0.299158
0.356885
0.907670
0.719797
0.333136
0.323551
0.355544
0.877699
0.266920
0.867719
0.946872
0.091433
0.299020
0.467817
0.157128
0.925209
0.162749
0.288759
0.101791
0.003142
0.723648
0.688007
0.168977
0.886614
0.119968
0.566330
0.914725
0.085143
0.266048
0.120236
0.886999
0.545470
0.103554
0.262015
0.795434
0.828229
0.703529
0.084860
0.150832
0.335594
0.569907
0.156612
0.454093
0.821793
0.143989
0.106106
0.112210
0.276436
0.435550
0.840451
0.101080
0.009100
0.693620
0.625680
0.250559
0.179190
0.790555
0.992945
0.634654
0.067089
0.203314
0.468545
0.332229
0.163365
0.605704
0.151438
0.263204
0.595491
0.382958
0.006296
0.589615
0.592843
0.132148
0.647698
0.181349
0.579659
0.581901
0.056767
0.610178
0.684419
0.725879
0.813646
0.076043
0.572428
0.494556
0.636440
0.366280
0.312999
0.269070
0.160780
0.761140
0.500215
0.616314
0.818603
0.172229
0.964203
0.005174
0.190888
0.226302
0.761032
0.099810
0.522595
0.683593
0.303402
0.192753
0.919731
0.429442
0.111719
0.568913
0.640381
0.494771
0.064677
0.179299
0.558611
0.494661
0.708758
0.832105
0.965949
0.850366
0.336634
0.990658
0.502064
0.095276
0.766643
0.187693
0.417386
0.628640
0.126974
0.456810
0.955047
0.818627
0.482091
0.534172
0.926585
0.381016
0.533126
0.893915
0.646601
0.460709
0.925643
0.996059
0.871509
0.248322
0.089771
0.602170
0.266479
0.791457
0.784209
0.852654
0.321863
0.627569
0.014516
0.688824
0.131026
0.994388
0.912117
0.105209
0.054953
0.176428
0.735943
0.964684
0.610815
0.629628
0.034741
0.713795
0.113755
0.531550
0.285384
0.912009
0.033952
0.783115
0.836046
0.094441
0.602044
0.246863
0.388488
0.235585
0.303819
0.982434
0.335039
0.095523
0.001071
0.112458
0.767986
0.824021
0.824239
0.569973
0.428963
0.871632
0.204588
0.797184
0.929231
0.035787
0.831080
0.890902
0.282264
0.757753
0.716772
0.804387
0.690161
0.232527
0.008342
0.948163
0.758213
0.719818
0.380706
0.626028
0.453239
0.827206
0.011954
0.577079
0.009686
0.053882
0.063971
0.967957
0.140663
0.786576
0.059655
0.605779
0.842163
0.909167
0.734367
0.356154
0.876222
0.202872
0.892213
0.553782
0.336687
0.885272
0.442476
0.698327
0.003058
0.295477
0.034271
0.576826
0.375705
0.620365
0.486429
0.314747
0.996815
0.812285
0.992895
0.419276
0.817750
0.140617
0.829227
0.788567
0.249211
0.771425
0.285124
0.440101
0.848586
0.982405
0.448233
0.813938
0.029655
0.116129
0.394381
0.421526
0.834546
0.938229
0.927701
0.450181
0.531729
0.977683
0.000253
0.633981
0.433517
0.577541
0.653210
0.143849
0.974291
0.066761
0.186502
0.024413
0.768550
0.905140
0.567586
0.627011
0.431447
0.607089
0.113681
0.488101
0.902867
0.994243
0.884389
0.973403
0.179348
0.639890
0.155300
0.541159
0.682136
0.558729
0.864566
0.465085
0.834602
0.992642
0.785295
0.384234
0.563076
0.176018
0.644719
0.274920
0.704665
0.098621
0.415688
0.080036
0.077265
0.880647
0.186927
0.598208
0.509040
0.280700
0.933425
0.931679
0.943986
0.043312
0.476777
0.352381
0.337793
0.844953
0.092823
0.751381
0.018813
0.788643
0.678763
0.139690
0.074119
0.401207
0.640179
0.205475
0.729122
0.922868
0.352092
0.726782
0.508468
0.697993
0.408065
0.825602
0.113597
0.697462
0.375195
0.670307
0.359190
0.221875
0.609480
0.738150
0.515416
0.387789
0.112704
0.496809
0.147688
0.692472
0.632853
0.544263
0.387374
0.965955
0.135230
0.630546
0.697414
0.775509
0.874561
0.348143
0.957779
0.834836
0.871426
0.000573
0.582706
0.525360
0.106077
0.830389
0.345850
0.101582
0.682074
0.978603
0.623078
0.483343
0.013230
0.503396
0.400854
0.566059
0.642881
0.926430
0.708735
0.007326
0.661212
0.341748
0.956912
0.216861
0.096237
0.811054
0.922485
0.533504
0.477459
0.155817
0.862626
0.503769
0.669734
0.776484
0.696515
0.503403
0.907761
0.169566
0.286207
0.430630
0.518206
0.524610
0.209129
0.619623
0.040866
0.986520
0.399896
0.492350
0.704115
0.988679
0.768183
0.213349
0.006395
0.000867
0.617974
0.775189
0.189519
0.660222
0.991856
0.628618
0.674572
0.483224
0.597813
0.012340
0.202119
0.926563
0.979940
0.105470
0.333830
0.114647
0.135429
0.124675
0.401820
0.499606
0.387703
0.620346
0.355227
0.557016
0.724512
0.392121
0.822375
0.154302
0.320155
0.471063
0.154950
0.244652
0.728580
0.480215
0.116262
0.704660
0.874784
0.233189
0.686342
0.688394
0.418291
0.316087
0.598048
0.229189
0.514153
0.707036
0.871874
0.264467
0.367675
0.302295
0.489072
0.380479
0.593003
0.651168
0.443851
0.893463
0.383068
0.367144
0.505919
0.671701
0.157555
0.519622
0.238572
0.869232
0.532124
0.085857
0.221903
0.105156
0.872281
0.647489
0.426252
0.717139
0.808588
0.803773
0.270417
0.873550
0.913310
0.483354
0.292549
0.356837
0.089826
0.333302
0.773823
0.727152
0.819895
0.711099
0.351189
0.345512
0.113071
0.610343
0.032959
0.717229
0.713567
0.447769
0.819162
0.886166
0.230230
0.376145
0.124033
0.641872
0.059547
0.445621
0.547328
0.559087
0.498523
0.218655
0.506929
0.679693
0.167814
0.151302
0.536626
0.293242
0.033842
0.732096
0.944549
0.337660
0.808522
0.887383
0.523720
0.419054
0.475514
0.188944
0.387926
0.158714
0.199719
0.607090
0.830973
0.578358
0.427628
0.146384
0.231678
0.853763
0.037733
0.745221
0.797750
0.591303
0.114647
0.266894
0.047458
0.652081
0.559798
0.814564
0.052270
0.079229
0.878247
0.088410
0.379570
0.905044
0.560386
0.295442
0.467112
0.754716
0.187201
0.736107
0.483158
0.859828
0.838531
0.716356
0.980730
0.070895
0.072271
0.275251
0.825930
0.130082
0.406081
0.738876
0.701939
0.919195
0.465202
0.897090
0.685579
0.248725
0.072820
0.471450
0.339825
0.597267
0.100533
0.008357
0.253670
0.639333
0.311649
0.363860
0.823642
0.240427
0.410277
0.748520
0.993935
0.199202
0.028865
0.817020
0.520408
0.042376
0.991643
0.221528
0.521999
0.153717
0.075688
0.350331
0.160034
0.413045
0.191320
0.693991
0.656320
0.487567
0.823992
0.127287
0.157449
0.086668
0.727750
0.229488
0.220494
0.526882
0.352496
0.157088
0.830468
0.661994
0.526731
0.831995
0.930880
0.377215
0.921856
0.181531
0.876819
0.473559
0.675562
0.163580
0.095008
0.997132
0.121119
0.179791
0.184223
0.909213
0.314366
0.597350
0.151767
0.487657
0.236573
0.666193
0.153759
0.682527
0.519032
0.773441
0.672320
0.676370
0.659932
0.689940
0.380381
0.464912
0.389534
0.591119
0.776502
0.153832
0.168801
0.283215
0.939486
0.515758
0.530411
0.561312
0.490435
0.702873
0.947497
0.973226
0.177455
0.413385
0.632138
0.068728
0.039225
0.115923
0.490895
0.676710
0.979468
0.007699
0.058554
0.258560
0.700846
0.261924
0.491591
0.496438
0.008647
0.286029
0.572461
0.318506
0.843300
0.952318
0.896576
0.244737
0.393456
0.783955
0.036038
0.661332
0.784784
0.289076
0.692967
0.976304
0.269142
0.886894
0.704714
0.633094
0.560447
0.169038
0.013230
0.400913
0.457213
0.330980
0.332559
0.075656
0.891908
0.677210
0.786778
0.930839
0.229729
0.957951
0.242806
0.647135
0.750555
0.050921
0.728489
0.783999
0.629430
0.596100
0.407396
0.254441
0.826847
0.797927
0.700406
0.710326
0.120805
0.353840
0.625466
0.140399
0.092886
0.478360
0.095524
0.551434
0.955049
0.239902
0.242850
0.951392
0.275107
0.109798
0.313898
0.163727
0.826004
0.793232
0.014197
0.034228
0.238155
0.964478
0.192305
0.639712
0.290794
0.297318
0.378653
0.733600
0.371110
0.312824
0.690587
0.336409
0.977140
0.707093
0.935257
0.799022
0.198850
0.691254
0.379405
0.274681
0.718049
0.999956
0.695743
0.475448
0.941123
0.414591
0.620273
0.803426
0.802868
0.393198
0.220213
0.588691
0.833450
0.508101
0.070614
0.830011
0.056522
0.246813
0.406798
0.721776
0.165536
0.404937
0.215025
0.977908
0.532809
0.307593
0.152369
0.076257
0.418544
0.934493
0.889046
0.107956
0.793277
0.318454
0.558780
0.297032
0.549887
0.572032
0.836286
0.487926
0.904120
0.158440
0.144909
0.537661
0.804723
0.619974
0.506398
0.920618
0.460280
0.528459
0.077247
0.033314
0.286317
0.164380
0.296772
0.185239
0.692363
0.543373
0.399191
0.522579
0.480098
0.731227
0.695470
0.009591
0.074744
0.661433
0.291659
0.283562
0.936069
0.234328
0.342084
0.152402
0.088372
0.261889
0.184115
0.360813
0.784963
0.708627
0.057290
0.072529
0.779133
0.075123
0.042944
0.132227
0.770114
0.592274
0.922716
0.100914
0.775081
0.159589
0.774453
0.069789
0.840805
0.140816
0.478335
0.829376
0.497008
0.853250
0.254098
0.868653
0.385646
0.164313
0.768216
0.371908
0.266570
0.893132
0.672500
0.501354
0.455752
0.239482
0.112710
0.913230
0.468251
0.356247
0.390351
0.709984
0.138953
0.772754
0.908677
0.299663
0.501843
0.517206
0.213773
0.095264
0.093512
0.863749
0.323026
0.591365
0.408639
0.930016
0.492160
0.399317
0.544314
0.289074
0.700621
0.512563
0.181990
0.370443
0.630874
0.314361
0.352792
0.810006
0.187684
0.306830
0.803342
0.384102
0.359805
0.701853
0.368062
0.569658
0.529713
0.995164
0.336044
0.040325
0.773389
0.292134
0.300564
0.445190
0.780543
0.857931
0.963116
0.180341
0.102037
0.911438
0.950407
0.412089
0.400667
0.286260
0.985804
0.759478
0.395623
0.786160
0.962749
0.720994
0.992833
0.698501
0.133103
0.853968
0.393412
0.725450
0.294091
0.793314
0.596201
0.072595
0.889691
0.718770
0.107183
0.243750
0.843885
0.920078
0.654632
0.218875
0.190103
0.528837
0.402923
0.402385
0.397916
0.787017
0.020570
0.817538
0.624625
0.964183
0.915692
0.405313
0.848664
0.536880
0.296663
0.202940
0.186358
0.379978
0.566684
0.006473
0.651876
0.184342
0.785336
0.073425
0.461570
0.994853
0.667689
0.106523
0.492011
0.746035
0.067386
0.795701
0.230640
0.992700
0.383776
0.564832
0.933977
0.972263
0.880963
0.508479
0.889785
0.477719
0.320137
0.445427
0.256434
0.299538
0.869655
0.703333
0.338793
0.540500
0.237276
0.192009
0.735736
0.869296
0.145450
0.728533
0.533984
0.735234
0.295862
0.905906
0.040981
0.953184
0.021837
0.393984
0.971482
0.531916
0.840481
0.914687
0.564617
0.415699
0.694462
0.296573
0.902258
0.246546
0.561046
0.395443
0.884804
0.915681
0.370091
0.122778
0.454354
0.430413
0.914514
0.756275
0.876740
0.921935
0.067169
0.696657
0.257467
0.087914
0.658927
0.892996
0.019079
0.859127
0.114494
0.918303
0.945803
0.479657
0.530740
0.691817
0.883839
0.175193
0.406761
0.436534
0.293954
0.676230
0.796566
0.850932
0.953615
0.775359
0.605755
0.079630
0.304821
0.381348
0.149631
0.164242
0.031249
0.954668
0.697328
0.714016
0.444003
0.181554
0.021692
0.545538
0.556573
0.579967
0.378270
0.956455
0.766889
0.030307
0.703626
0.000965
0.740488
0.963331
0.686244
0.160400
0.754183
0.117948
0.905343
0.923125
0.146576
0.461414
0.617026
0.952645
0.706566
0.509296
0.728754
0.987830
0.904459
0.417167
0.204287
0.501800
0.298103
0.509048
0.146279
0.327266
0.595226
0.028491
0.480079
0.527064
0.645923
0.092940
0.849967
0.213127
0.812029
0.919512
0.919230
0.550639
0.263400
0.244288
0.241117
0.884672
0.493254
0.080301
0.761370
0.737437
0.672258
0.292938
0.557707
0.652114
0.162801
0.173983
0.454655
0.468786
0.521258
0.557347
0.673699
0.145262
0.934840
0.206165
0.633336
0.108259
0.025008
0.055376
0.709998
0.334548
0.541902
0.697796
0.402007
0.443166
0.265008
0.487637
0.103158
0.411204
0.336866
0.442917
0.764364
0.625845
0.216110
0.588572
0.675152
0.432425
0.854508
0.025424
0.058278
0.124665
0.535594
0.176267
0.067864
0.877189
0.713347
0.285895
0.442379
0.238392
0.188912
0.531119
0.550124
0.951352
0.382505
0.359363
0.294271
0.407250
0.805301
0.454549
0.240910
0.825935
0.731066
0.690291
0.842941
0.305148
0.968775
0.998547
0.712837
0.080332
0.180741
0.575057
0.983594
0.489414
0.879109
0.642134
0.457359
0.828555
0.411901
0.959627
0.204774
0.076096
0.956518
0.553034
0.459852
0.954361
0.083554
0.470093
0.218595
0.410809
0.134023
0.434242
0.606490
0.123442
0.335132
0.215337
0.819517
0.566819
0.177720
0.355027
0.796857
0.532605
0.710838
0.458785
0.748978
0.309803
0.888984
0.092765
0.122797
0.970604
0.399736
0.089497
0.331155
0.848783
0.901515
0.781058
0.871574
0.647512
0.220199
0.624346
0.894339
0.834752
0.564305
0.106347
0.956890
0.845609
0.359720
0.164077
0.922595
0.701388
0.287107
0.660502
0.295950
0.701064
0.500842
0.455796
0.766292
0.067534
0.460268
0.337055
0.983757
0.683818
0.380596
0.887441
0.562027
0.232507
0.653185
0.734916
0.475930
0.114934
0.590992
0.925178
0.732066
0.613416
0.248679
0.839967
0.686996
0.351118
0.294708
0.826383
0.608415
0.601877
0.432263
0.826847
0.269540
0.898894
0.633701
0.564862
0.781249
0.441247
0.444003
0.887817
0.963694
0.839602
0.736905
0.332312
0.602245
0.911120
0.371432
0.480960
0.730676
0.768728
0.238899
0.190529
0.087973
0.038428
0.820535
0.608954
0.349946
0.206134
0.629413
0.157877
0.465657
0.028005
0.510208
0.714217
0.784924
0.746896
0.322578
0.780778
0.791260
0.209182
0.847099
0.512236
0.275331
0.854086
0.592867
0.129821
0.702296
0.877248
0.359008
0.956320
0.582389
0.055810
0.635854
0.520442
0.563449
0.611728
0.217893
0.919594
0.692760
0.004287
0.406985
0.315592
0.413242
0.933795
0.173600
0.178770
0.092707
0.414327
0.551534
0.810985
0.701938
0.524333
0.968724
0.455345
0.914642
0.646032
0.060707
0.385677
0.161180
0.461527
0.652633
0.767557
0.150324
0.993559
0.637435
0.902208
0.416277
0.292315
0.794624
0.092164
0.742608
0.915593
0.465186
0.378018
0.275387
0.673499
0.333466
0.182624
0.439759
0.041333
0.318836
0.000357
0.352915
0.390284
0.500976
0.667747
0.409778
0.575147
0.134765
0.402268
0.150201
0.565260
0.152036
0.542436
0.010728
0.769550
0.413383
0.996965
0.641480
0.378976
0.086606
0.350098
0.498734
0.086347
0.432967
0.426552
0.850834
0.635258
0.272720
0.474883
0.604699
0.741871
0.385320
0.808265
0.071243
0.151657
0.099810
0.740546
0.418413
0.502670
0.499940
0.266076
0.727055
0.642587
0.549728
0.731880
0.146043
0.051803
0.381053
0.633907
0.294523
0.246859
0.832526
0.941025
0.954986
0.885869
0.573806
0.502082
0.755026
0.228256
0.192864
0.805079
0.833275
0.749446
0.594003
0.078958
0.413602
0.052226
0.801890
0.592315
0.266881
0.913443
0.730889
0.914424
0.736389
0.536879
0.618218
0.352692
0.034544
0.051915
0.792644
0.556311
0.388399
0.440194
0.533858
0.649713
0.856002
0.811514
0.306184
0.316217
0.923402
0.906947
0.935467
0.585137
0.753224
0.905937
0.187118
0.313453
0.590361
0.747837
0.139565
0.879162
0.138360
0.650163
0.719483
0.558134
0.709980
0.214308
0.588333
0.920442
0.833954
0.781161
0.945771
0.366627
0.788061
0.659006
0.155365
0.977273
0.937932
0.287819
0.762741
0.490200
0.145280
0.866423
0.007178
0.513657
0.007506
0.543771
0.600971
0.146028
0.789042
0.478653
0.473530
0.896184
0.401751
0.073161
0.998177
0.678419
0.225887
0.945525
0.729272
0.022048
0.030353
0.360413
0.949590
0.135340
0.247941
0.780102
0.607864
0.815293
0.618118
0.424377
0.823253
0.445081
0.881414
0.132388
0.365505
0.130854
0.106392
0.118512
0.412106
0.920939
0.735655
0.114804
0.024257
0.432203
0.708000
0.947595
0.688208
0.562175
0.713481
0.426094
0.955226
0.907579
0.927406
0.813151
0.354860
0.897338
0.086322
0.399313
0.698364
0.389388
0.119394
0.777718
0.700947
0.907628
0.346265
0.108024
0.765331
0.295359
0.954649
0.586071
0.757480
0.490232
0.830721
0.705015
0.589844
0.322353
0.412818
0.261382
0.573165
0.534460
0.354008
0.652639
0.907714
0.690712
0.611227
0.468393
0.547743
0.795092
0.733074
0.667141
0.741466
0.986998
0.340794
0.711159
0.013310
0.389390
0.006780
0.258927
0.136844
0.753351
0.361524
0.930729
0.071943
0.882760
0.721079
0.365381
0.585226
0.514588
0.551769
0.781695
0.362878
0.732314
0.746675
0.790650
0.698676
0.508167
0.309325
0.153204
0.112536
0.613191
0.440883
0.023865
0.308360
0.613855
0.874911
0.744169
0.100842
0.823941
0.446088
0.453000
0.569002
0.051294
0.330653
0.501222
0.651701
0.632929
0.287257
0.322487
0.176123
0.059458
0.686698
0.184865
0.062778
0.986399
0.876491
0.042789
0.478831
0.031469
0.557956
0.900774
0.776198
0.565896
0.235062
0.828484
0.139495
0.486612
0.186559
0.971101
0.058818
0.274991
0.912381
0.016224
0.463294
0.221116
0.280473
0.711178
0.099385
0.459417
0.468163
0.522553
0.448709
0.622627
0.968339
0.049759
0.626792
0.564393
0.981076
0.829529
0.582386
0.316956
0.843395
0.324644
0.258045
0.211026
0.624516
0.429507
0.564682
0.144094
0.530121
0.592882
0.357938
0.374876
0.306263
0.712829
0.838342
0.406225
0.473687
0.963392
0.526982
0.408328
0.520236
0.030123
0.408842
0.589617
0.851015
0.149406
0.001504
0.253986
0.998955
0.557109
0.169657
0.343164
0.646457
0.800773
0.063965
0.287865
0.586718
0.898612
0.077022
0.750352
0.118296
0.741448
0.084541
0.161900
0.809724
0.610367
0.216402
0.494651
0.086366
0.099810
0.156065
0.460840
0.799406
0.173544
0.727339
0.992380
0.175237
0.256541
0.957040
0.625561
0.872397
0.395025
0.800930
0.883664
0.792109
0.293973
0.087011
0.719546
0.814217
0.761321
0.655873
0.355392
0.221945
0.442441
0.246428
0.710512
0.419756
0.192440
0.094966
0.764649
0.049596
0.845439
0.793147
0.199549
0.383565
0.442318
0.350784
0.471220
0.544232
0.106925
0.662304
0.714320
0.503587
0.276091
0.866688
0.326187
0.447475
0.997530
0.442354
0.995507
0.849046
0.560529
0.139260
0.864421
0.657369
0.909637
0.750327
0.379650
0.981104
0.632373
0.227731
0.125641
0.411103
0.163894
0.426013
0.488832
0.952708
0.450146
0.412444
0.247877
0.187048
0.424707
0.005225
0.310631
0.485230
0.789185
0.029205
0.774470
0.444911
0.804074
0.715006
0.570710
0.631911
0.955706
0.900228
0.392227
0.935801
0.042819
0.819898
0.402461
0.809944
0.123053
0.345579
0.133129
0.943031
0.236292
0.225489
0.550879
0.825945
0.454244
0.078310
0.260427
0.572823
0.437129
0.684876
0.363816
0.771344
0.110055
0.089951
0.212459
0.105564
0.035322
0.808940
0.349193
0.676667
0.327503
0.733414
0.475301
0.121074
0.606114
0.086370
0.142763
0.327093
0.066865
0.114747
0.244017
0.188415
0.779737
0.759752
0.659285
0.334941
0.950895
0.514043
0.872088
0.366945
0.030130
0.206894
0.860567
0.845651
0.810276
0.179768
0.830238
0.007498
0.010958
0.053268
0.133277
0.795551
0.612165
0.657828
0.821957
0.630177
0.139118
0.408116
0.498852
0.387379
0.963563
0.016410
0.384408
0.657392
0.925124
0.704531
0.436402
0.159160
0.575909
0.340371
0.738619
0.005192
0.602046
0.488626
0.831016
0.517226
0.553645
0.645063
0.113577
0.595156
0.033102
0.009486
0.531542
0.454700
0.456919
0.422060
0.558238
0.640618
0.351636
0.160434
0.947562
0.987331
0.497633
0.487680
0.709553
0.105006
0.502364
0.424165
0.686491
0.234368
0.839398
0.091619
0.002306
0.408912
0.564642
0.302261
0.278325
0.058519
0.012765
0.708380
0.035021
0.106016
0.398630
0.967309
0.932679
0.506644
0.594350
0.826169
0.016774
0.573489
0.544097
0.488840
0.171829
0.078276
0.852691
0.029066
0.900186
0.099682
0.064461
0.144525
0.282858
0.714248
0.553444
0.111271
0.186244
0.468460
0.707225
0.253218
0.396181
0.444154
0.713680
0.523217
0.534602
0.953006
0.193124
0.014884
0.480687
0.903282
0.661511
0.692778
0.531517
0.958266
0.935325
0.514662
0.156092
0.986707
0.062553
0.102120
0.309230
0.500182
0.157736
0.995466
0.344272
0.459321
0.597109
0.848777
0.637556
0.691404
0.714091
0.536498
0.062491
0.880671
0.302952
0.482172
0.620482
0.350973
0.473956
0.691142
0.174994
0.191180
0.336288
0.368669
0.141416
0.129135
0.629862
0.126767
0.727541
0.490891
0.009151
0.877013
0.968278
0.549489
0.257752
0.051909
0.984833
0.116571
0.674440
0.897046
0.261602
0.479033
0.478386
0.418196
0.022611
0.358559
0.210607
0.911035
0.607294
0.461369
0.823521
0.981098
0.795527
0.726266
0.733451
0.167815
0.371046
0.527873
0.868700
0.616731
0.968430
0.587958
0.971764
0.669278
0.141915
0.456340
0.484589
0.077658
0.764100
0.628512
0.585126
0.358881
0.871940
0.995571
0.272945
0.152383
0.832621
0.125681
0.457634
0.534122
0.667767
0.806342
0.145669
0.932014
0.764625
0.275700
0.709199
0.597232
0.021616
0.389052
0.435178
0.016403
0.528613
0.702677
0.227768
0.119687
0.022694
0.993797
0.340539
0.258512
0.730047
0.625481
0.552154
0.735354
0.465798
0.550576
0.828715
0.962906
0.600584
0.275817
0.633693
0.703280
0.721532
0.723031
0.684717
0.203805
0.312258
0.262565
0.072046
0.120299
0.067288
0.049411
0.061255
0.235487
0.925835
0.357358
0.239194
0.849246
0.001774
0.932406
0.893871
0.102574
0.500200
0.905480
0.798768
0.201968
0.255766
0.316954
0.969108
0.164041
0.999883
0.075506
0.893952
0.300084
0.666021
0.750461
0.812598
0.216354
0.440112
0.155722
0.999387
0.955406
0.944386
0.279284
0.023024
0.804212
0.268123
0.312959
0.886108
0.464024
0.618169
0.934844
0.860332
0.100384
0.370336
0.834924
0.501311
0.465766
0.406077
0.715609
0.039764
0.312375
0.187059
0.178095
0.820215
0.401267
0.298950
0.248657
0.019133
0.485724
0.201636
0.239807
0.893840
0.057388
0.653123
0.870847
0.298362
0.232078
0.592521
0.912660
0.737944
0.637597
0.382109
0.108776
0.063657
0.629547
0.240582
0.392640
0.834318
0.259943
0.034852
0.772834
0.903980
0.253053
0.977627
0.179173
0.554139
0.645436
0.030627
0.003892
0.318488
0.066486
0.073152
0.992268
0.406636
0.965047
0.063997
0.561970
0.868306
0.777815
0.922264
0.763367
0.828169
0.023968
0.606834
0.976107
0.682828
0.946477
0.785454
0.985896
0.141323
0.264098
0.475822
0.115153
0.232671
0.224010
0.060634
0.339701
0.411952
0.622496
0.866955
0.979875
0.165591
0.519369
0.920392
0.331308
0.672550
0.318112
0.546806
0.195351
0.851732
0.318318
0.629273
0.006149
0.235975
0.428018
0.796728
0.221152
0.306576
0.192172
0.193276
0.412816
0.381339
0.554804
0.888738
0.085817
0.842477
0.012518
0.652567
0.994684
0.342551
0.197042
0.582095
0.702715
0.258446
0.001872
0.432059
0.155619
0.705856
0.060028
0.780756
0.831096
0.628159
0.156181
0.979747
0.905348
0.836080
0.679095
0.894002
0.926095
0.031837
0.867358
0.926885
0.030613
0.067691
0.978217
0.894058
0.323114
0.506851
0.267825
0.336624
0.329999
0.121070
0.964711
0.492635
0.593285
0.316446
0.197214
0.850530
0.530120
0.367990
0.015971
0.390056
0.678416
0.035991
0.213529
0.507468
0.545259
0.875710
0.994737
0.159721
0.810640
0.145160
0.725682
0.964071
0.274859
0.218825
0.688037
0.379601
0.751596
0.734047
0.095435
0.825620
0.584786
0.095317
0.288121
0.237811
0.311714
0.958967
0.129217
0.375228
0.468090
0.663123
0.503946
0.247679
0.995846
0.653829
0.419418
0.485354
0.191982
0.983480
0.734337
0.512474
0.361691
0.542144
0.372553
0.055140
0.902245
0.276674
0.113034
0.841689
0.582399
0.101780
0.024910
0.945334
0.272673
0.727850
0.152245
0.366703
0.077024
0.084312
0.132239
0.077169
0.212586
0.490791
0.912042
0.814794
0.491330
0.306264
0.478717
0.082878
0.235345
0.953700
0.867127
0.389905
0.191903
0.722881
0.770480
0.682542
0.818642
0.175087
0.396121
0.729315
0.857187
0.104307
0.429895
0.195417
0.935273
0.351701
0.880976
0.918822
0.569518
0.287178
0.408186
0.979395
0.492690
0.822295
0.697681
0.870360
0.235880
0.893837
0.972263
0.666899
0.322975
0.245908
0.451784
0.390496
0.378899
0.254431
0.262792
0.454031
0.552764
0.756123
0.637388
0.219837
0.980005
0.702345
0.881751
0.277314
0.139089
0.031066
0.895972
0.921813
0.019086
0.070531
0.103482
0.742656
0.131405
0.169446
0.519545
0.956023
0.829045
0.798217
0.015642
0.495668
0.929179
0.944337
0.338819
0.478288
0.849876
0.167103
0.741387
0.382509
0.595578
0.243588
0.698984
0.589513
0.584834
0.526434
0.702082
0.353600
0.791229
0.801709
0.948548
0.216794
0.823306
0.868780
0.924244
0.191570
0.076462
0.932239
0.434473
0.549854
0.456214
0.247150
0.958363
0.623584
0.811786
0.298570
0.741549
0.130129
0.535242
0.140365
0.894804
0.543511
0.787479
0.196988
0.332299
0.434252
0.544096
0.401400
0.389055
0.340176
0.367737
0.570997
0.739229
0.005739
0.929437
0.091398
0.304098
0.852718
0.012098
0.904346
0.928434
0.393662
0.919953
0.783024
0.758925
0.783792
0.945018
0.957435
0.459384
0.049592
0.386070
0.807278
0.810089
0.003750
0.604721
0.616248
0.782542
0.279209
0.467380
0.535188
0.851394
0.708724
0.361242
0.695243
0.544115
0.526777
0.155751
0.654265
0.770867
0.799688
0.394224
0.813115
0.736466
0.615289
0.357341
0.135880
0.759720
0.842461
0.239553
0.872915
0.384661
0.158027
0.594123
0.578967
0.336426
0.763016
0.954749
0.956688
0.726530
0.462056
0.556210
0.452704
0.143993
0.650856
0.209103
0.384320
0.866886
0.764202
0.128759
0.988058
0.984104
0.550794
0.144320
0.722918
0.434303
0.028729
0.671398
0.050369
0.161289
0.365168
0.743333
0.397881
0.121183
0.873258
0.956222
0.514967
0.945708
0.406493
0.738556
0.817585
0.064720
0.599541
0.201561
0.626874
0.148832
0.185121
0.428795
0.869581
0.851087
0.228582
0.147821
0.775616
0.291667
0.095232
0.149997
0.950358
0.129298
0.922724
0.528598
0.175137
0.397848
0.211415
0.558806
0.605347
0.588799
0.599989
0.937737
0.198285
0.244363
0.470547
0.566734
0.802165
0.164660
0.927198
0.361184
0.835271
0.365672
0.715525
0.853338
0.583215
0.800147
0.523577
0.274753
0.869622
0.269936
0.593337
0.447523
0.991885
0.950533
0.427624
0.339830
0.547860
0.195078
0.179749
0.212238
0.475922
0.999553
0.263824
0.428588
0.904469
0.714574
0.862061
0.067416
0.686427
0.301384
0.786637
0.940345
0.925995
0.379707
0.296659
0.367142
0.329151
0.399148
0.253845
0.305515
0.127912
0.618079
0.111283
0.613462
0.638266
0.172365
0.597907
0.650425
0.049285
0.290798
0.354496
0.326243
0.165107
0.663374
0.932596
0.930802
0.651098
0.853464
0.785922
0.896788
0.498762
0.736940
0.334408
0.943627
0.890228
0.296678
0.080381
0.662733
0.551385
0.173778
0.034314
0.419948
0.576999
0.068466
0.598776
0.837656
0.827188
0.665917
0.778163
0.855185
0.423777
0.507565
0.741172
0.521320
0.638010
0.854041
0.009543
0.274897
0.526243
0.510737
0.470354
0.830389
0.662208
0.919437
0.361889
0.237684
0.321401
0.030902
0.950729
0.086880
0.998586
0.563593
0.230478
0.472285
0.222331
0.755720
0.488587
0.337919
0.997457
0.154433
0.075617
0.227321
0.345900
0.044750
0.375468
0.860752
0.882899
0.324865
0.668730
0.363985
0.785941
0.610027
0.832344
0.889177
0.254341
0.672426
0.182263
0.255598
0.037565
0.648048
0.750776
0.828602
0.102324
0.547686
0.382899
0.201446
0.751845
0.252585
0.183401
0.640553
0.699608
0.933926
0.047576
0.180344
0.465987
0.094886
0.969637
0.779310
0.594572
0.693158
0.873699
0.535460
0.420874
0.118384
0.197703
0.744245
0.891167
0.048214
0.216687
0.184766
0.107672
0.737811
0.509317
0.895133
0.606747
0.692718
0.025876
0.594054
0.792165
0.192067
0.220199
0.183290
0.390939
0.621154
0.183642
0.319953
0.515142
0.862707
0.109868
0.659769
0.979268
0.308564
0.720138
0.616690
0.529664
0.553073
0.084357
0.211157
0.499472
0.166212
0.016679
0.644174
0.514773
0.674083
0.745420
0.092861
0.241208
0.021700
0.586289
0.673822
0.902818
0.749438
0.596019
0.203633
0.072004
0.690057
0.215507
0.905733
0.255677
0.087835
0.084476
0.911899
0.739650
0.496549
0.568076
0.578008
0.184738
0.424961
0.683976
0.107275
0.526506
0.009196
0.949881
0.277392
0.517984
0.474779
0.090429
0.149732
0.599454
0.597352
0.646131
0.612323
0.113268
0.513848
0.456136
0.907264
0.618507
0.504631
0.710958
0.273986
0.465237
0.999881
0.299258
0.759822
0.669664
0.448603
0.066166
0.330035
0.249122
0.061444
0.985586
0.714702
0.012504
0.636409
0.396430
0.384834
0.274659
0.505591
0.053901
0.472550
0.092705
0.569375
0.293409
0.142409
0.573987
0.628340
0.004636
0.121143
0.991917
0.857118
0.304022
0.719501
0.425080
0.384718
0.347454
0.856842
0.560593
0.883715
0.947357
0.268862
0.413336
0.104843
0.435030
0.586951
0.960944
0.249701
0.227489
0.838609
0.008258
0.402236
0.434714
0.525802
0.935256
0.417548
0.131577
0.891250
0.371541
0.294622
0.638679
0.677746
0.591485
0.762144
0.610534
0.824042
0.676726
0.638132
0.857860
0.451911
0.752694
0.449074
0.115973
0.861323
0.400748
0.618871
0.885599
0.131761
0.319674
0.065920
0.303800
0.565730
0.226104
0.569922
0.595340
0.056661
0.439570
0.172444
0.828251
0.053539
0.090096
0.708775
0.179096
0.969108
0.121570
0.336823
0.444819
0.736610
0.466710
0.577170
0.135040
0.208250
0.800627
0.111517
0.977286
0.607510
0.783365
0.549115
0.394041
0.615582
0.351628
0.827777
0.325520
0.145437
0.724701
0.043339
0.621085
0.151915
0.589700
0.782283
0.770503
0.586630
0.929358
0.678764
0.482802
0.631124
0.112251
0.671153
0.124714
0.934037
0.041701
0.750559
0.923512
0.519047
0.954403
0.326514
0.958220
0.442739
0.020806
0.201300
0.441079
0.087942
0.344667
0.502731
0.908102
0.365395
0.665436
0.558011
0.817193
0.531871
0.554539
0.674317
0.149980
0.537353
0.898405
0.652238
0.577126
0.688376
0.440364
0.852572
0.673472
0.741663
0.798557
0.470529
0.096535
0.397225
0.501264
0.367300
0.702698
0.703895
0.842039
0.180006
0.063974
0.245033
0.279553
0.862401
0.221236
0.263922
0.120754
0.665610
0.099253
0.557712
0.996836
0.974734
0.396685
0.143296
0.098321
0.346386
0.830670
0.514040
0.473942
0.284748
0.701076
0.222250
0.730771
0.344544
0.690717
0.843403
0.135430
0.205405
0.661500
0.823397
0.378005
0.753219
0.286838
0.274987
0.811916
0.928744
0.273431
0.777651
0.986628
0.477873
0.130665
0.443527
0.877839
0.276788
0.598368
0.700236
0.124143
0.265865
0.883185
0.027322
0.082553
0.001622
0.481645
0.111268
0.835461
0.373257
0.401629
0.144122
0.656996
0.559736
0.440525
0.742749
0.912390
0.812415
0.282725
0.184920
0.045989
0.123254
0.365644
0.111693
0.868513
0.700005
0.070513
0.596103
0.007960
0.102708
0.522014
0.606628
0.078679
0.807531
0.816081
0.052878
0.203783
0.179855
0.712129
0.542544
0.379962
0.885208
0.130865
0.154920
0.369009
0.832907
0.034902
0.074238
