0.298597
0.434090
0.023862
0.986418
0.517905
0.240988
0.751423
0.702557
0.434814
0.079060
0.270999
0.449188
0.297997
0.263967
0.653184
0.012838
0.033500
0.220238
0.586583
0.120284
0.235270
0.906287
0.912051
0.528399
0.655296
0.414583
0.262552
0.120302
0.440567
0.736285
0.654003
0.740953
0.310833
0.434155
0.660715
0.376536
0.122599
0.831950
0.745718
0.830073
0.146114
0.391254
0.235170
0.167256
0.525978
0.306188
0.408585
0.626207
0.145630
0.033948
0.990946
0.876830
0.544898
0.682987
0.525757
0.543127
0.387152
0.660125
0.041266
0.023423
0.596039
0.530788
0.468674
0.133700
0.769851
0.136316
0.561846
0.604627
0.371525
0.139264
0.594438
0.310210
0.779470
0.307281
0.668581
0.348211
0.311605
0.258836
0.845493
0.682741
0.893394
0.347254
0.283534
0.404499
0.813240
0.786033
0.737922
0.917541
0.531507
0.970364
0.850152
0.175809
0.926894
0.990658
0.841296
0.161040
0.194539
0.346536
0.439810
0.367147
0.345267
0.742651
0.988566
0.737109
0.149768
0.734692
0.620491
0.965117
0.592002
0.729491
0.939368
0.007086
0.232168
0.027092
0.784005
0.962423
0.523361
0.244104
0.961330
0.180990
0.572063
0.872465
0.840898
0.512356
0.747231
0.156598
0.277975
0.391280
0.497158
0.472584
0.175736
0.370615
0.993867
0.193294
0.827954
0.620953
0.339712
0.965681
0.840333
0.556910
0.788081
0.450388
0.043560
0.490657
0.531660
0.626255
0.379139
0.053881
0.542265
0.409536
0.830947
0.087106
0.663949
0.088483
0.512876
0.041532
0.433631
0.406925
0.456272
0.362889
0.520702
0.552200
0.543197
0.970597
0.945966
0.550748
0.042434
0.349405
0.878939
0.908379
0.431510
0.145712
0.151627
0.846446
0.589930
0.998371
0.078818
0.607185
0.410499
0.231218
0.024100
0.124313
0.083753
0.720934
0.667675
0.188637
0.734007
0.161355
0.409116
0.748252
0.771880
0.280230
0.693312
0.517611
0.905368
0.690613
0.938051
0.264852
0.943308
0.117684
0.675525
0.626914
0.663162
0.788679
0.255903
0.285405
0.449012
0.326568
0.023450
0.182869
0.888917
0.234328
0.819507
0.687092
0.065941
0.581672
0.767606
0.638357
0.653601
0.262938
0.637752
0.071572
0.887536
0.542935
0.569478
0.893716
0.990229
0.610550
0.515991
0.059075
0.739870
0.638320
0.318484
0.975705
0.704065
0.644876
0.705086
0.625724
0.599247
0.191367
0.694986
0.453132
0.982836
0.851264
0.975409
0.625805
0.680368
0.530638
0.624136
0.364874
0.410530
0.385364
0.059175
0.446926
0.658850
0.901182
0.188899
0.307913
0.626911
0.880826
0.869055
0.886752
0.805826
0.567579
0.874778
0.012864
0.414928
0.673026
0.189535
0.311707
0.798817
0.821418
0.067459
0.132744
0.693384
0.093615
0.805078
0.132984
0.724849
0.557603
0.201135
0.306072
0.099621
0.858551
0.131583
0.601101
0.043140
0.561304
0.720008
0.245226
0.479555
0.760113
0.239614
0.321719
0.605670
0.586543
0.184202
0.651971
0.082416
0.186307
0.440726
0.774055
0.372504
0.198747
0.373373
0.660969
0.969856
0.358380
0.278784
0.748426
0.084570
0.257064
0.977603
0.616193
0.393785
0.918576
0.765999
0.669133
0.203820
0.973428
0.766297
0.413038
0.343436
0.591040
0.309731
0.909885
0.891270
0.950807
0.910404
0.660928
0.100270
0.475749
0.441365
0.277892
0.020001
0.336117
0.465809
0.850308
0.235116
0.202209
0.130888
0.476393
0.129592
0.719544
0.194869
0.289951
0.528905
0.202815
0.423847
0.131634
0.004337
0.315041
0.999702
0.885409
0.471370
0.019900
0.298845
0.048331
0.854097
0.073716
0.236206
0.641008
0.100023
0.574112
0.423029
0.619065
0.720978
0.199042
0.501717
0.475373
0.381244
0.182939
0.099709
0.002086
0.931124
0.231458
0.108042
0.928466
0.043135
0.830080
0.014171
0.546293
0.442098
0.841630
0.446465
0.877613
0.676771
0.532989
0.214797
0.873545
0.368770
0.334067
0.096228
0.018607
0.905812
0.967502
0.735370
0.203317
0.356221
0.975337
0.867988
0.320997
0.761570
0.927489
0.112007
0.024647
0.547921
0.740564
0.902814
0.207403
0.721780
0.443806
0.466064
0.253142
0.304261
0.307746
0.786988
0.557201
0.613045
0.023796
0.783392
0.430465
0.288722
0.800145
0.219746
0.356651
0.934915
0.672303
0.597733
0.051720
0.583054
0.364801
0.995531
0.201819
0.546062
0.164259
0.994472
0.951488
0.646876
0.482512
0.006081
0.319562
0.633546
0.144177
0.466123
0.679535
0.433724
0.569083
0.442369
0.728556
0.657314
0.621874
0.039772
0.059020
0.955044
0.937978
0.011569
0.442007
0.287682
0.580388
0.045751
0.159553
0.797234
0.406355
0.805221
0.333795
0.022862
0.912286
0.440043
0.301305
0.109564
0.477460
0.961259
0.251126
0.953472
0.657944
0.840046
0.191990
0.475090
0.258399
0.006391
0.533578
0.229797
0.405823
0.397821
0.474913
0.654724
0.622627
0.428613
0.629658
0.767594
0.335895
0.062285
0.394583
0.682425
0.079695
0.003194
0.181203
0.019560
0.348513
0.477480
0.140654
0.039172
0.794203
0.856524
0.212642
0.452470
0.392528
0.421693
0.638425
0.826823
0.085298
0.742927
0.491777
0.158491
0.889419
0.221861
0.436412
0.714712
0.897348
0.514730
0.823832
0.444282
0.242224
0.933773
0.754504
0.892337
0.513233
0.291628
0.520905
0.583660
0.078629
0.588027
0.731498
0.719992
0.542766
0.486609
0.882768
0.092933
0.193864
0.992220
0.795526
0.757250
0.842156
0.404803
0.258761
0.852104
0.311504
0.507913
0.178989
0.243423
0.926409
0.136239
0.250669
0.119389
0.808255
0.299884
0.312095
0.829526
0.099839
0.784763
0.958781
0.402450
0.616038
0.883585
0.294714
0.594287
0.494840
0.996162
0.334700
0.104474
0.675281
0.986152
0.882337
0.248540
0.605688
0.541329
0.412714
0.572539
0.776894
0.239772
0.964630
0.231507
0.463332
0.715483
0.826449
0.177216
0.528137
0.166060
0.560403
0.278818
0.166606
0.518539
0.501410
0.158384
0.827607
0.406292
0.397020
0.209091
0.044971
0.695067
0.602121
0.223390
0.907583
0.150520
0.122412
0.114199
0.905863
0.747823
0.384169
0.001518
0.187123
0.318196
0.132736
0.798874
0.907311
0.389609
0.449780
0.799205
0.349357
0.325341
0.129100
0.822266
0.064608
0.915891
0.029251
0.106825
0.933968
0.629895
0.946405
0.348168
0.913839
0.053484
0.803432
0.464062
0.058318
0.207412
0.033174
0.292082
0.791126
0.971603
0.325031
0.574279
0.666465
0.669471
0.954536
0.825200
0.646522
0.026683
0.945616
0.393329
0.019135
0.187587
0.976911
0.506476
0.639336
0.418340
0.635732
0.628890
0.356230
0.638852
0.133604
0.202053
0.558478
0.576782
0.579930
0.850033
0.241114
0.809612
0.692415
0.946374
0.751098
0.025023
0.268448
0.706580
0.830279
0.222663
0.382992
0.026309
0.888032
0.911095
0.663318
0.336582
0.109574
0.941005
0.173814
0.152106
0.012210
0.218186
0.789810
0.352903
0.280061
0.231577
0.884752
0.441804
0.692747
0.327903
0.315513
0.967094
0.383773
0.693183
0.678155
0.118434
0.365149
0.867302
0.361827
0.069583
0.759300
0.902852
0.455194
0.739019
0.549977
0.665117
0.880457
0.750779
0.007293
0.272602
0.270513
0.989268
0.448330
0.124206
0.147754
0.653818
0.262210
0.339750
0.492871
0.449789
0.634830
0.307066
0.192414
0.010285
0.346685
0.920167
0.699369
0.147824
0.327482
0.003006
0.260933
0.470498
0.935140
0.620648
0.644312
0.252252
0.042662
0.103353
0.188413
0.029005
0.513681
0.550999
0.011450
0.971532
0.805306
0.067417
0.583038
0.930773
0.533640
0.676141
0.073384
0.723508
0.387049
0.716132
0.599376
0.181260
0.820983
0.468805
0.131379
0.941315
0.156574
0.506161
0.953674
0.675191
0.658818
0.446323
0.873185
0.472393
0.891219
0.221706
0.935273
0.202063
0.937219
0.426735
0.781432
0.165135
0.652778
0.602101
0.621421
0.028778
0.857532
0.418890
0.341386
0.606173
0.416719
0.327316
0.745581
0.852079
0.708692
0.167935
0.741011
0.399105
0.429050
0.715144
0.337858
0.662283
0.615784
0.739866
0.191672
0.036082
0.153420
0.402363
0.575941
0.981387
0.669689
0.232007
0.684725
0.028999
0.621934
0.980893
0.961430
0.511323
0.879536
0.010688
0.935953
0.010440
0.045265
0.743306
0.545586
0.846015
0.734992
0.086506
0.832869
0.913899
0.785315
0.554609
0.807837
0.326579
0.267471
0.966301
0.284950
0.683808
0.462229
0.171183
0.428767
0.436938
0.223434
0.363517
0.539267
0.195060
0.889081
0.981400
0.128658
0.206568
0.861741
0.796835
0.119296
0.689408
0.166308
0.278253
0.927416
0.495566
0.965555
0.978372
0.869419
0.839990
0.236450
0.726829
0.910661
0.553008
0.641027
0.258610
0.019937
0.782887
0.273658
0.473766
0.862439
0.765658
0.567182
0.008846
0.327433
0.527372
0.917023
0.635422
0.555413
0.540532
0.520932
0.246626
0.156112
0.871657
0.701873
0.506477
0.677869
0.822420
0.699784
0.246825
0.313816
0.185890
0.459161
0.675999
0.812995
0.860536
0.855474
0.498602
0.152121
0.338588
0.526452
0.441354
0.336285
0.478165
0.333318
0.128576
0.778569
0.782417
0.672768
0.360508
0.495454
0.636584
0.395822
0.898060
0.031020
0.714842
0.769386
0.218081
0.776037
0.243691
0.883612
0.132545
0.015737
0.515531
0.797745
0.265139
0.875718
0.468882
0.364148
0.769087
0.105046
0.657372
0.421127
0.997591
0.991553
0.578392
0.079792
0.533082
0.767322
0.111943
0.509764
0.717184
0.176696
0.001302
0.747012
0.936338
0.389517
0.045005
0.970576
0.588107
0.877910
0.643314
0.733385
0.442939
0.906730
0.149477
0.599296
0.516412
0.063822
0.669147
0.409871
0.488723
0.399804
0.026400
0.401840
0.412076
0.640634
0.932998
0.275279
0.194727
0.095560
0.943666
0.747640
0.113841
0.462931
0.832623
0.447588
0.462159
0.690423
0.236510
0.526881
0.808202
0.201902
0.457067
0.685207
0.130068
0.092927
0.239056
0.290594
0.551758
0.224839
0.782810
0.580901
0.373892
0.851880
0.348666
0.675557
