0.809802
0.095733
0.807858
0.453442
0.455845
0.780795
0.922129
0.924498
0.177925
0.726382
0.790371
0.487160
0.965285
0.383465
0.983922
0.887545
0.902169
0.814430
0.636377
0.038951
0.690995
0.418129
0.912726
0.808732
0.924766
0.546734
0.320152
0.109104
0.255114
0.963625
0.341261
0.307614
0.625984
0.512579
0.057377
0.293480
0.643013
0.495974
0.513882
0.300891
0.131009
0.197650
0.556968
0.029616
0.787729
0.414170
0.269118
0.611946
0.575054
0.430348
0.224971
0.743771
0.581727
0.888236
0.046995
0.369561
0.827351
0.910084
0.586302
0.036519
0.013736
0.801191
0.104698
0.456242
0.624830
0.845409
0.592662
0.431047
0.616959
0.612533
0.843105
0.497271
0.215455
0.337140
0.437098
0.243956
0.980033
0.646186
0.357329
0.477307
0.345860
0.757480
0.920314
0.425537
0.640374
0.091945
0.507806
0.281301
0.736671
0.028355
0.944266
0.920031
0.742489
0.876028
0.616833
0.319816
0.213316
0.367458
0.866616
0.617364
0.460975
0.823046
0.724537
0.062000
0.050712
0.075759
0.522892
0.227220
0.415790
0.056189
0.784623
0.524378
0.582283
0.614070
0.600477
0.129365
0.793370
0.344791
0.616457
0.221381
0.936638
0.827553
0.013601
0.747199
0.060706
0.276285
0.945110
0.729487
0.036147
0.454122
0.999844
0.336144
0.253101
0.804469
0.136778
0.554404
0.512152
0.297965
0.692433
0.402942
0.452660
0.415671
0.039107
0.243903
0.426360
0.327397
0.686789
0.725507
0.962303
0.736172
0.647068
0.455443
0.277326
0.744755
0.434681
0.736503
0.017402
0.998319
0.139075
0.257784
0.224916
0.884495
0.670084
0.306172
0.006799
0.277001
0.726413
0.352814
0.319335
0.814005
0.410307
0.597326
0.549798
0.270708
0.119557
0.427969
0.636176
0.933634
0.719473
0.218180
0.396651
0.232841
0.366430
0.188791
0.561882
0.208838
0.225528
0.040936
0.968863
0.376051
0.610355
0.463929
0.839036
0.425664
0.745220
0.798865
0.142278
0.901119
0.202697
0.632296
0.966187
0.806888
0.748121
0.617934
0.839914
0.518905
0.152295
0.590767
0.579236
0.169393
0.053664
0.919872
0.816845
0.498731
0.134885
0.191737
0.571081
0.979134
0.765986
0.040747
0.580940
0.249030
0.703128
0.652915
0.521430
0.396728
0.366778
0.682815
0.281099
0.590115
0.247475
0.449197
0.477547
0.004743
0.716456
0.343423
0.600206
0.736481
0.756646
0.967646
0.890917
0.647884
0.547853
0.158846
0.988892
0.486780
0.309179
0.830309
0.876518
0.067114
0.844418
0.382864
0.427070
0.665072
0.657831
0.135661
0.675541
0.077739
0.470510
0.743600
0.081407
0.180574
0.756931
0.088543
0.239123
0.352140
0.337164
0.453065
0.420314
0.460326
0.493878
0.610331
0.531026
0.609585
0.480449
0.602175
0.765507
0.172485
0.162042
0.853564
0.625919
0.190308
0.517714
0.168492
0.721914
0.632856
0.288667
0.154738
0.291643
0.361357
0.046910
0.958622
0.490989
0.379505
0.263531
0.982691
0.361756
0.341611
0.291821
0.906402
0.078182
0.687682
0.411214
0.850025
0.023136
0.066422
0.969124
0.965640
0.787737
0.766077
0.397584
0.119782
0.810513
0.162682
0.789351
0.544328
0.880704
0.886793
0.565149
0.330099
0.690139
0.863365
0.393928
0.142279
0.050746
0.399410
0.517073
0.383954
0.632014
0.409125
0.746097
0.890134
0.375392
0.213660
0.457459
0.572499
0.283170
0.037875
0.981689
0.899291
0.523311
0.893077
0.670135
0.522366
0.593875
0.714604
0.312904
0.601706
0.543815
0.994975
0.320088
0.639311
0.788914
0.703740
0.041386
0.981555
0.387887
0.199073
0.989096
0.944157
0.921627
0.830915
0.819526
0.018881
0.822681
0.997846
0.376519
0.999888
0.379572
0.816810
0.330868
0.050314
0.325147
0.726582
0.886279
0.061889
0.860491
0.920081
0.857612
0.868273
0.849933
0.477935
0.330214
0.696176
0.802768
0.560336
0.757571
0.069916
0.231104
0.907818
0.414920
0.222122
0.106333
0.165263
0.973699
0.931323
0.117273
0.711304
0.736683
0.490118
0.249872
0.050829
0.387185
0.744482
0.920463
0.819040
0.046342
0.766756
0.519069
0.648472
0.740366
0.223506
0.527746
0.519053
0.065351
0.662532
0.981503
0.032609
0.018140
0.984876
0.551512
0.149384
0.778993
0.625604
0.747477
0.059198
0.242288
0.542219
0.762478
0.402321
0.033781
0.594862
0.761937
0.536745
0.984746
0.025774
0.856487
0.744444
0.230168
0.956421
0.614523
0.022839
0.624056
0.309294
0.285145
0.399105
0.418882
0.040031
0.751075
0.435943
0.728681
0.140601
0.223564
0.434115
0.062962
0.441376
0.926096
0.218460
0.122377
0.505541
0.233034
0.891562
0.895494
0.602133
0.788223
0.849596
0.088102
0.186255
0.561311
0.572341
0.261071
0.361824
0.341888
0.125355
0.631782
0.384022
0.330204
0.215049
0.253728
0.185351
0.665285
0.454006
0.384295
0.789139
0.016929
0.308304
0.105486
0.450491
0.442585
0.635607
0.187537
0.519871
0.554656
0.409901
0.210647
0.715287
0.220005
0.665371
0.586632
0.454651
0.400632
0.841211
0.358184
0.367034
0.111355
0.923027
0.594959
0.553077
0.979934
0.453999
0.806035
0.124000
0.948261
0.354224
0.293349
0.372492
0.376933
0.511259
0.250957
0.675668
0.234661
0.025868
0.901585
0.721695
0.349054
0.509015
0.831818
0.591597
0.855108
0.392888
0.382363
0.207235
0.374568
0.146176
0.950813
0.520975
0.343377
0.545335
0.732212
0.905744
0.346817
0.864266
0.438734
0.523010
0.860110
0.386226
0.196600
0.900745
0.945794
0.671901
0.951162
0.452062
0.230904
0.471433
0.513722
0.279366
0.235234
0.865065
0.594996
0.428059
0.710179
0.003677
0.865515
0.452588
0.887526
0.520566
0.750599
0.217248
0.852228
0.688892
0.875874
0.366659
0.560709
0.490485
0.354267
0.464297
0.635576
0.315366
0.954549
0.729623
0.219777
0.550988
0.660327
0.793234
0.524414
0.862402
0.954829
0.164479
0.028714
0.863435
0.170318
0.570518
0.802521
0.090976
0.100331
0.206826
0.608985
0.287359
0.712584
0.754973
0.064323
0.053641
0.419968
0.958495
0.118289
0.829776
0.650067
0.456573
0.175651
0.656633
0.872617
0.091551
0.460062
0.384111
0.686207
0.100311
0.937558
0.333814
0.359093
0.316073
0.432070
0.380079
0.943439
0.926251
0.772761
0.817474
0.754806
0.523201
0.813856
0.857213
0.861627
0.542572
0.140172
0.853905
0.806313
0.485286
0.637792
0.778600
0.762708
0.660236
0.023785
0.609811
0.280998
0.722379
0.222841
0.767000
0.545870
0.874798
0.959012
0.749845
0.750211
0.121354
0.424907
0.399791
0.052947
0.217583
0.526247
0.839905
0.874640
0.453132
0.615091
0.033495
0.704264
0.169793
0.921427
0.435857
0.208812
0.065493
0.604573
0.766975
0.047039
0.403976
0.418542
0.402369
0.043299
0.529856
0.525795
0.657631
0.143262
0.153243
0.828146
0.004046
0.592194
0.028155
0.908860
0.166125
0.067700
0.330017
0.328055
0.624217
0.294252
0.291522
0.504730
0.046173
0.613298
0.580281
0.492165
0.992252
0.179792
0.895337
0.820387
0.806308
0.342609
0.848298
0.437908
0.561524
0.180909
0.766276
0.584566
0.728892
0.131750
0.383696
0.575748
0.477999
0.983793
0.996766
0.070023
0.338570
0.603126
0.147851
0.618693
0.675323
0.898536
0.570432
0.088406
0.838245
0.634708
0.256275
0.791417
0.313188
0.651024
0.932042
0.527636
0.995159
0.065844
0.660524
0.117379
0.317797
0.121636
0.031789
0.117368
0.513767
0.282299
0.029408
0.264392
0.522960
0.812915
0.660036
0.005426
0.559339
0.074183
0.862934
0.022372
0.771318
0.500765
0.380724
0.141228
0.657125
0.470477
0.957471
0.768474
0.353298
0.095851
0.890325
0.411034
0.204230
0.859844
0.821683
0.007630
0.460707
0.714922
0.362886
0.175075
0.014600
0.625091
0.889830
0.532898
0.646994
0.942963
0.878824
0.493347
0.361761
0.472965
0.918447
0.816142
0.056986
0.501865
0.153763
0.108204
0.200472
0.146270
0.134667
0.956709
0.517500
0.856610
0.472548
0.221170
0.128277
0.103154
0.607509
0.093871
0.535585
0.227369
0.998397
0.946197
0.461786
0.904078
0.927499
0.731155
0.961610
0.250039
0.997637
0.549261
0.110092
0.364382
0.287700
0.741368
0.394026
0.964201
0.364135
0.380971
0.475088
0.301073
0.398384
0.237978
0.332366
0.522341
0.811536
0.982115
0.257635
0.032510
0.402493
0.038234
0.760285
0.215027
0.526210
0.246513
0.169932
0.691934
0.443844
0.122169
0.554493
0.558653
0.991828
0.977459
0.583898
0.618624
0.036208
0.473785
0.294433
0.538311
0.048674
0.157850
0.857257
0.191180
0.745299
0.972163
0.193725
0.299941
0.187196
0.707508
0.069044
0.243503
0.297980
0.529712
0.305784
0.695108
0.079933
0.361781
0.617807
0.685230
0.475647
0.947077
0.326454
0.375662
0.267419
0.124364
0.846516
0.002082
0.612940
0.738123
0.733620
0.984950
0.374612
0.951133
0.374297
0.421879
0.508111
0.369138
0.898308
0.667045
0.884489
0.719740
0.502023
0.062261
0.533507
0.889612
0.287568
0.439349
0.596466
0.187121
0.003089
0.640076
0.700819
0.616828
0.620647
0.856313
0.258373
0.944539
0.292815
0.102908
0.871476
0.162522
0.955950
0.235121
0.653720
0.245358
0.916452
0.047804
0.656979
0.633827
0.661451
0.509838
0.640810
0.808693
0.016891
0.002626
0.673241
0.818011
0.607829
0.026587
0.942926
0.614720
0.097070
0.716200
0.865603
0.249493
0.983674
0.361840
0.454452
0.260005
0.138795
0.694700
0.109480
0.716061
0.291094
0.556303
0.319257
0.122631
0.487096
0.264910
0.405530
0.549823
0.737491
0.236218
0.161912
0.745870
0.944323
0.914375
0.805730
0.895939
0.568496
0.787752
0.936825
0.531138
0.967607
0.686876
0.129843
0.792682
0.648590
0.639886
0.052231
0.580981
0.218386
0.878432
0.934389
0.368559
0.026509
0.138851
0.411381
0.213334
0.154595
0.936979
0.594188
0.122482
0.563106
0.086053
0.279096
0.404254
0.657794
0.538203
0.801739
0.844809
0.290913
0.269775
0.945535
0.859554
0.667213
0.923025
0.349054
